1.5 0.0014084466580262251 0.8394002851322381 -6.5904712731521045
1.4992592592592593 0.0014150652712573996 0.8391775765964641 -6.585886013446396
1.4985185185185186 0.0014217138664629446 0.83895467039047 -6.581301932731048
1.4977777777777779 0.001428392574572219 0.8387315661860206 -6.576719031962542
1.497037037037037 0.0014351015271316227 0.8385082636547884 -6.572137312057081
1.4962962962962962 0.0014418408562472242 0.8382847624676262 -6.567556773931948
1.4955555555555555 0.001448610694587182 0.838061062294568 -6.562977418505484
1.4948148148148148 0.0014554111753841048 0.8378371628048247 -6.558399246697119
1.494074074074074 0.001462242432437503 0.8376130636667811 -6.553822259427352
1.4933333333333334 0.0014691046001161765 0.8373887645479935 -6.54924645761777
1.4925925925925927 0.001475997813360659 0.8371642651151875 -6.544671842191048
1.4918518518518518 0.0014829222076857167 0.8369395650342529 -6.540098414070913
1.491111111111111 0.0014898779191827225 0.8367146639702446 -6.5355261741822055
1.4903703703703703 0.0014968650845221703 0.8364895615873765 -6.530955123450849
1.4896296296296296 0.0015038838409561688 0.8362642575490198 -6.526385262803838
1.488888888888889 0.001510934326320899 0.8360387515177006 -6.521816593169269
1.4881481481481482 0.0015180166790391368 0.8358130431550966 -6.517249115476324
1.4874074074074075 0.0015251310381228019 0.8355871321220342 -6.512682830655258
1.4866666666666666 0.0015322775431753672 0.8353610180784857 -6.508117739637462
1.4859259259259259 0.0015394563343945678 0.8351347006835657 -6.503553843355374
1.4851851851851852 0.0015466675525748104 0.8349081795955303 -6.498991142742551
1.4844444444444445 0.0015539113391097887 0.8346814544717707 -6.49442963873365
1.4837037037037037 0.0015611878359950723 0.8344545249688146 -6.489869332264413
1.482962962962963 0.0015684971858306565 0.8342273907423186 -6.485310224271696
1.4822222222222223 0.001575839531823591 0.8340000514470689 -6.480752315693444
1.4814814814814814 0.0015832150177905987 0.8337725067369771 -6.476195607468695
1.4807407407407407 0.0015906237881606051 0.8335447562650758 -6.471640100537632
1.48 0.0015980659879775393 0.8333167996835181 -6.467085795841486
1.4792592592592593 0.0016055417629028009 0.8330886366435726 -6.462532694322645
1.4785185185185186 0.001613051259218045 0.8328602667956216 -6.45798079692458
1.4777777777777779 0.0016205946238278099 0.8326316897891571 -6.453430104591868
1.4770370370370371 0.0016281720042621763 0.8324029052727779 -6.448880618270219
1.4762962962962962 0.001635783548679521 0.8321739128941879 -6.44433233890643
1.4755555555555555 0.0016434294058691556 0.831944712300191 -6.439785267448435
1.4748148148148148 0.0016511097252541133 0.8317153031366888 -6.4352394048452695
1.474074074074074 0.0016588246568938543 0.8314856850486783 -6.430694752047083
1.4733333333333334 0.001666574351486977 0.8312558576802475 -6.426151310005165
1.4725925925925927 0.001674358960374067 0.8310258206745731 -6.421609079671897
1.4718518518518517 0.0016821786355403635 0.8307955736739167 -6.417068062000801
1.471111111111111 0.0016900335296186472 0.8305651163196226 -6.412528257946511
1.4703703703703703 0.0016979237958919334 0.8303344482521129 -6.407989668464801
1.4696296296296296 0.001705849588296408 0.8301035691108872 -6.403452294512542
1.468888888888889 0.0017138110614241054 0.8298724785345156 -6.398916137047774
1.4681481481481482 0.0017218083705258893 0.8296411761606391 -6.394381197029627
1.4674074074074075 0.0017298416715142105 0.8294096616259636 -6.3898474754183825
1.4666666666666666 0.0017379111209660184 0.829177934566258 -6.385314973175447
1.4659259259259259 0.0017460168761256132 0.828945994616351 -6.3807836912633595
1.4651851851851851 0.00175415909490755 0.8287138414101272 -6.376253630645799
1.4644444444444444 0.0017623379358995422 0.8284814745805248 -6.37172479228758
1.4637037037037037 0.0017705535583654064 0.8282488937595305 -6.367197177154644
1.462962962962963 0.0017788061222479394 0.8280160985781777 -6.362670786214084
1.4622222222222223 0.0017870957881719154 0.827783088666543 -6.358145620434136
1.4614814814814814 0.0017954227174470398 0.8275498636537421 -6.353621680784163
1.4607407407407407 0.0018037870720708942 0.8273164231679275 -6.349098968234691
1.46 0.0018121890147319787 0.8270827668362839 -6.344577483757372
1.4592592592592593 0.0018206287088126604 0.8268488942850253 -6.34005722832502
1.4585185185185185 0.0018291063183922332 0.8266148051393922 -6.3355382029115885
1.4577777777777778 0.0018376220082499093 0.8263804990236474 -6.331020408492194
1.4570370370370371 0.0018461759438679465 0.8261459755610726 -6.326503846043076
1.4562962962962962 0.0018547682914346073 0.825911234373965 -6.321988516541651
1.4555555555555555 0.0018633992178472734 0.8256762750836343 -6.317474420966497
1.4548148148148148 0.001872068890715606 0.8254410973103987 -6.312961560297317
1.454074074074074 0.0018807774783645259 0.8252057006735816 -6.3084499355150045
1.4533333333333334 0.001889525149837455 0.8249700847915071 -6.303939547601583
1.4525925925925927 0.0018983120748993483 0.8247342492814991 -6.299430397540267
1.451851851851852 0.0019071384240399595 0.8244981937598737 -6.294922486315394
1.451111111111111 0.0019160043684768656 0.8242619178419398 -6.2904158149125085
1.4503703703703703 0.0019249100801587982 0.8240254211419926 -6.28591038431828
1.4496296296296296 0.0019338557317686862 0.8237887032733117 -6.281406195520585
1.448888888888889 0.0019428414967270287 0.8235517638481558 -6.276903249508429
1.4481481481481482 0.001951867549194993 0.823314602477761 -6.272401547272011
1.4474074074074075 0.0019609340640777176 0.8230772187723346 -6.267901089802694
1.4466666666666668 0.001970041217027559 0.8228396123410554 -6.263401878093019
1.4459259259259258 0.001979189184447371 0.8226017827920651 -6.25890391313669
1.4451851851851851 0.0019883781434937905 0.822363729732469 -6.2544071959285965
1.4444444444444444 0.001997608272080537 0.8221254527683284 -6.249911727464803
1.4437037037037037 0.0020068797488817366 0.8218869515046604 -6.245417508742556
1.442962962962963 0.0020161927533352856 0.821648225545432 -6.240924540760275
1.4422222222222223 0.002025547465646162 0.8214092744935567 -6.23643282451757
1.4414814814814816 0.0020349440667898223 0.8211700979508908 -6.2319423610152365
1.4407407407407407 0.002044382738515624 0.8209306955182298 -6.227453151255229
1.44 0.002053863663350133 0.8206910667953049 -6.222965196240728
1.4392592592592592 0.0020633870246006387 0.8204512113807774 -6.218478496976075
1.4385185185185185 0.002072953006358514 0.8202111288722366 -6.213993054466825
1.4377777777777778 0.002082561793502778 0.8199708188661958 -6.209508869719693
1.4370370370370371 0.0020922135717034575 0.8197302809580882 -6.205025943742602
1.4362962962962964 0.0021019085274250906 0.8194895147422613 -6.200544277544687
1.4355555555555555 0.002111646847930311 0.8192485198119762 -6.196063872136247
1.4348148148148148 0.0021214287212832574 0.8190072957594008 -6.19158472852881
1.434074074074074 0.0021312543363532326 0.818765842175607 -6.187106847735077
1.4333333333333333 0.002141123882818141 0.8185241586505665 -6.182630230768971
1.4325925925925926 0.0021510375511681443 0.8182822447731473 -6.17815487864561
1.431851851851852 0.002160995532709259 0.8180401001311091 -6.173680792381299
1.431111111111111 0.002170998019566869 0.8177977243110989 -6.169207972993584
1.4303703703703703 0.0021810452046894828 0.8175551168986483 -6.164736421501185
1.4296296296296296 0.002191137281852261 0.8173122774781676 -6.160266138924056
1.4288888888888889 0.0022012744456607926 0.8170692056329427 -6.155797126283341
1.4281481481481482 0.0022114568915546765 0.8168259009451321 -6.151329384601408
1.4274074074074075 0.0022216848158112612 0.8165823629957594 -6.14686291490184
1.4266666666666667 0.0022319584155493866 0.8163385913647135 -6.14239771820943
1.425925925925926 0.0022422778887330646 0.8160945856307404 -6.137933795550195
1.425185185185185 0.002252643434175324 0.8158503453714422 -6.13347114795135
1.4244444444444444 0.0022630552515418337 0.81560587016327 -6.129009776441368
1.4237037037037037 0.0022735135413548832 0.8153611595815221 -6.124549682049908
1.422962962962963 0.002284018504997045 0.8151162132003387 -6.1200908658078665
1.4222222222222223 0.0022945703447150665 0.814871030592697 -6.115633328747367
1.4214814814814816 0.002305169263623707 0.814625611330408 -6.1111770719017615
1.4207407407407406 0.002315815465709633 0.8143799549841114 -6.106722096305616
1.42 0.002326509155835238 0.8141340611232718 -6.10226840299475
1.4192592592592592 0.002337250539742628 0.8138879293161743 -6.097815993006197
1.4185185185185185 0.002348039824057506 0.813641559129919 -6.093364867378228
1.4177777777777778 0.002358877216293118 0.8133949501304191 -6.088915027150353
1.417037037037037 0.0023697629248542506 0.8131481018823922 -6.08446647336331
1.4162962962962964 0.002380697159041171 0.8129010139493617 -6.080019207059081
1.4155555555555555 0.0023916801290536846 0.8126536858936463 -6.07557322928088
1.4148148148148147 0.0024027120459950736 0.8124061172763603 -6.071128541073187
1.414074074074074 0.00241379312187626 0.8121583076574057 -6.066685143481701
1.4133333333333333 0.0024249235696198203 0.8119102565954701 -6.062243037553361
1.4125925925925926 0.002436103603064011 0.8116619636480203 -6.057802224336382
1.411851851851852 0.0024473334369670007 0.811413428371299 -6.053362704880197
1.4111111111111112 0.0024586132870108796 0.8111646503203195 -6.048924480235508
1.4103703703703703 0.0024699433698059173 0.8109156290488614 -6.044487551454252
1.4096296296296296 0.002481323902894591 0.8106663641094655 -6.04005191958965
1.4088888888888889 0.002492755104755992 0.81041685505343 -6.03561758569613
1.4081481481481481 0.002504237194809794 0.8101671014308043 -6.031184550829423
1.4074074074074074 0.002515770393420671 0.8099171027903868 -6.026752816046491
1.4066666666666667 0.002527354921902493 0.8096668586797172 -6.022322382405557
1.405925925925926 0.002538991002522558 0.8094163686450734 -6.0178932509661225
1.405185185185185 0.0025506788585059666 0.8091656322314669 -6.013465422788938
1.4044444444444444 0.002562418714039888 0.8089146489826368 -6.009038898936027
1.4037037037037037 0.0025742107942779854 0.8086634184410469 -6.00461368047066
1.402962962962963 0.0025860553253446625 0.8084119401478781 -6.000189768457399
1.4022222222222223 0.0025979525343395103 0.8081602136430266 -5.995767163962077
1.4014814814814816 0.002609902649341767 0.8079082384650957 -5.991345868051778
1.4007407407407408 0.002621905899414687 0.8076560141513949 -5.986925881794874
1.4 0.0026339625146099984 0.8074035402379304 -5.982507206261012
1.3992592592592592 0.0026460727259724403 0.8071508162594033 -5.978089842521104
1.3985185185185185 0.002658236765544185 0.8068978417492044 -5.9736737916473555
1.3977777777777778 0.002670454866369412 0.8066446162394073 -5.969259054713247
1.397037037037037 0.0026827272624988787 0.8063911392607656 -5.964845632793536
1.3962962962962964 0.0026950541889944222 0.8061374103427046 -5.96043352696427
1.3955555555555557 0.0027074358819336127 0.8058834290133216 -5.95602273830278
1.3948148148148147 0.00271987257841436 0.8056291947993746 -5.951613267887682
1.394074074074074 0.0027323645165595605 0.8053747072262812 -5.947205116798882
1.3933333333333333 0.002744911935521746 0.8051199658181135 -5.942798286117576
1.3925925925925926 0.0027575150754877925 0.8048649700975891 -5.938392776926252
1.391851851851852 0.002770174177683613 0.8046097195860701 -5.933988590308698
1.3911111111111112 0.0027828894843789603 0.8043542138035562 -5.929585727349989
1.3903703703703705 0.00279566123889212 0.8040984522686784 -5.925184189136498
1.3896296296296295 0.0028084896855947207 0.8038424344986953 -5.920783976755907
1.3888888888888888 0.0028213750699165934 0.8035861600094875 -5.916385091297188
1.3881481481481481 0.0028343176383505485 0.8033296283155517 -5.9119875338506205
1.3874074074074074 0.002847317638457277 0.8030728389299951 -5.907591305507792
1.3866666666666667 0.002860375318870242 0.8028157913645304 -5.903196407361593
1.385925925925926 0.00287349092930061 0.8025584851294707 -5.898802840506214
1.3851851851851853 0.0028866647205421547 0.802300919733724 -5.894410606037162
1.3844444444444444 0.002899896944476238 0.8020430946847863 -5.890019705051261
1.3837037037037037 0.0029131878540767956 0.8017850094887379 -5.885630138646649
1.382962962962963 0.002926537703415441 0.8015266636502368 -5.88124190792276
1.3822222222222222 0.002939946747666372 0.8012680566725144 -5.876855013980369
1.3814814814814815 0.002953415243111584 0.8010091880573671 -5.872469457921549
1.3807407407407408 0.002966943447145854 0.800750057305154 -5.868085240849711
1.38 0.0029805316182819606 0.8004906639147891 -5.863702363869575
1.3792592592592592 0.002994180016155757 0.8002310073837363 -5.859320828087198
1.3785185185185185 0.003007888901531471 0.7999710872080033 -5.854940634609941
1.3777777777777778 0.00302165853630675 0.7997109028821372 -5.85056178454652
1.377037037037037 0.003035489183518065 0.7994504538992161 -5.846184279006958
1.3762962962962964 0.0030493811073458656 0.7991897397508457 -5.84180811910262
1.3755555555555556 0.003063334573119894 0.7989287599271528 -5.837433305946207
1.374814814814815 0.003077349847324589 0.798667513916779 -5.833059840651737
1.374074074074074 0.0030914271976043226 0.7984060012068748 -5.828687724334576
1.3733333333333333 0.003105566892768757 0.798144221283094 -5.82431695811145
1.3725925925925926 0.0031197692027984626 0.797882173629588 -5.8199475431003815
1.3718518518518519 0.0031340343988501165 0.7976198577289996 -5.815579480420767
1.3711111111111112 0.00314836275326208 0.7973572730624552 -5.811212771193336
1.3703703703703705 0.0031627545395599 0.7970944191095628 -5.806847416540164
1.3696296296296295 0.0031772100324618 0.7968312953484018 -5.802483417584669
1.3688888888888888 0.0031917295078842363 0.796567901255519 -5.798120775451631
1.3681481481481481 0.003206313242947447 0.7963042363059221 -5.793759491267182
1.3674074074074074 0.0032209615159812716 0.7960402999730738 -5.78939956615877
1.3666666666666667 0.00323567460653042 0.7957760917288843 -5.785041001255254
1.365925925925926 0.0032504527953605136 0.7955116110437074 -5.780683797686806
1.3651851851851853 0.003265296364463569 0.7952468573863314 -5.77632795658498
1.3644444444444446 0.0032802055970638155 0.7949818302239751 -5.771973479082682
1.3637037037037036 0.003295180777623481 0.79471652902228 -5.767620366314173
1.362962962962963 0.0033102221918485334 0.7944509532453051 -5.763268619415088
1.3622222222222222 0.0033253301266945178 0.7941851023555191 -5.758918239522432
1.3614814814814815 0.0033405048703724965 0.793918975813796 -5.754569227774558
1.3607407407407408 0.003355746712354829 0.7936525730794066 -5.750221585311211
1.36 0.003371055943381191 0.7933858936100119 -5.745875313273492
1.3592592592592592 0.003386432855464514 0.7931189368616588 -5.741530412803871
1.3585185185185185 0.0034018777418968514 0.7928517022887721 -5.737186885046226
1.3577777777777778 0.0034173908972556536 0.7925841893441471 -5.732844731145767
1.357037037037037 0.0034329726174095743 0.7923163974789441 -5.728503952249115
1.3562962962962963 0.0034486231995247505 0.7920483261426817 -5.724164549504251
1.3555555555555556 0.0034643429420707283 0.7917799747832298 -5.719826524060563
1.354814814814815 0.0034801321448268397 0.7915113428468027 -5.7154898770688
1.354074074074074 0.0034959911088882733 0.7912424297779518 -5.711154609681099
1.3533333333333333 0.0035119201366722408 0.7909732350195611 -5.7068207230510035
1.3525925925925926 0.0035279195319243913 0.7907037580128369 -5.7024882183334284
1.3518518518518519 0.0035439895997249784 0.7904339981973036 -5.69815709668469
1.3511111111111112 0.003560130646495232 0.7901639550107963 -5.693827359262498
1.3503703703703704 0.003576342980003713 0.7898936278894515 -5.68949900722596
1.3496296296296295 0.0035926269093728013 0.7896230162677048 -5.685172041735564
1.3488888888888888 0.003608982745084927 0.7893521195782788 -5.680846463953227
1.348148148148148 0.0036254107989892484 0.7890809372521791 -5.676522275042246
1.3474074074074074 0.0036419113843080483 0.7888094687186862 -5.672199476167328
1.3466666666666667 0.0036584848156433333 0.7885377134053485 -5.667878068494577
1.345925925925926 0.0036751314089833163 0.7882656707379754 -5.663558053191521
1.3451851851851853 0.003691851481709138 0.7879933401406293 -5.659239431427087
1.3444444444444446 0.0037086453526014923 0.7877207210356189 -5.654922204371611
1.3437037037037036 0.0037255133418472816 0.7874478128434916 -5.650606373196844
1.342962962962963 0.003742455771046323 0.7871746149830272 -5.6462919390759625
1.3422222222222222 0.00375947296321825 0.7869011268712289 -5.64197890318354
1.3414814814814815 0.003776565242809132 0.7866273479233165 -5.637667266695588
1.3407407407407408 0.003793732935698413 0.786353277552719 -5.633357030789531
1.34 0.0038109763692058605 0.7860789151710681 -5.629048196644207
1.3392592592592591 0.0038282958720982983 0.7858042601881882 -5.624740765439895
1.3385185185185184 0.0038456917745967444 0.785529312012092 -5.620434738358288
1.3377777777777777 0.003863164408383278 0.7852540700489696 -5.61613011658252
1.337037037037037 0.0038807141066081593 0.7849785337031833 -5.611826901297147
1.3362962962962963 0.003898341203896873 0.7847027023772586 -5.607525093688159
1.3355555555555556 0.003916046036357278 0.7844265754718764 -5.603224694942974
1.334814814814815 0.0039338289415866414 0.7841501523858667 -5.598925706250468
1.3340740740740742 0.003951690258679044 0.7838734325161989 -5.594628128800926
1.3333333333333333 0.003969630328232398 0.7835964152579746 -5.590331963786103
1.3325925925925926 0.003987649492355929 0.7833191000044202 -5.586037212399165
1.3318518518518518 0.0040057480946773085 0.7830414861468784 -5.581743875834754
1.3311111111111111 0.004023926480350142 0.7827635730748 -5.57745195528894
1.3303703703703704 0.004042184996061352 0.7824853601757359 -5.573161451959246
1.3296296296296297 0.004060523990038586 0.7822068468353303 -5.568872367044644
1.3288888888888888 0.004078943812057751 0.7819280324373098 -5.56458470174556
1.328148148148148 0.0040974448134505305 0.7816489163634779 -5.56029845726387
1.3274074074074074 0.004116027347111883 0.7813694979937059 -5.556013634802924
1.3266666666666667 0.00413469176750786 0.7810897767059237 -5.5517302355675024
1.325925925925926 0.004153438430683036 0.7808097518761126 -5.547448260763869
1.3251851851851852 0.0041722676942684235 0.7805294228782971 -5.54316771159973
1.3244444444444445 0.004191179917488995 0.7802487890845348 -5.5388885892842845
1.3237037037037038 0.004210175461171716 0.7799678498649084 -5.534610895028175
1.322962962962963 0.0042292546877532285 0.7796866045875207 -5.530334630043522
1.3222222222222222 0.004248417961287851 0.7794050526184804 -5.526059795543909
1.3214814814814815 0.00426766564745539 0.7791231933218967 -5.521786392744402
1.3207407407407408 0.004286998113569179 0.7788410260598716 -5.51751442286154
1.32 0.004306415728584186 0.7785585501924888 -5.513243887113328
1.3192592592592594 0.004325918863104928 0.7782757650778046 -5.508974786719263
1.3185185185185184 0.00434550788939367 0.777992670071843 -5.504707122900325
1.3177777777777777 0.004365183181378702 0.7777092645285819 -5.50044089687895
1.317037037037037 0.004384945114662247 0.7774255477999481 -5.496176109879105
1.3162962962962963 0.004404794066529163 0.7771415192358065 -5.491912763126193
1.3155555555555556 0.004424730415954804 0.7768571781839501 -5.487650857847147
1.3148148148148149 0.00444475454361366 0.7765725239900935 -5.483390395270375
1.3140740740740742 0.004464866831887766 0.7762875559978626 -5.479131376625769
1.3133333333333335 0.004485067664874958 0.776002273548784 -5.474873803144742
1.3125925925925925 0.00450535742839766 0.7757166759822784 -5.470617676060171
1.3118518518518518 0.004525736510011137 0.7754307626356496 -5.4663629966064695
1.3111111111111111 0.004546205299012419 0.7751445328440754 -5.462109766019517
1.3103703703703704 0.004566764186448682 0.7748579859405992 -5.457857985536725
1.3096296296296297 0.004587413565126195 0.7745711212561187 -5.4536076563969855
1.308888888888889 0.0046081538296188435 0.7742839381193786 -5.449358779840728
1.308148148148148 0.004628985376277233 0.7739964358569588 -5.445111357109859
1.3074074074074074 0.00464990860323719 0.7737086137932679 -5.4408653894478345
1.3066666666666666 0.004670923910429057 0.7734204712505298 -5.436620878099597
1.305925925925926 0.0046920316995864636 0.7731320075487762 -5.432377824311607
1.3051851851851852 0.0047132323742553545 0.7728432220058382 -5.428136229331858
1.3044444444444445 0.004734526339803096 0.7725541139373326 -5.423896094409856
1.3037037037037038 0.0047559140034277095 0.7722646826566557 -5.4196574207966215
1.3029629629629629 0.004777395774166857 0.7719749274749711 -5.415420209744717
1.3022222222222222 0.0047989720629072604 0.7716848477012014 -5.4111844625082215
1.3014814814814815 0.004820643282393942 0.7713944426420164 -5.406950180342747
1.3007407407407408 0.004842409847239571 0.7711037116018241 -5.402717364505434
1.3 0.004864272173933921 0.770812653882761 -5.398486016254955
1.2992592592592593 0.004886230680853285 0.770521268784681 -5.3942561368515225
1.2985185185185184 0.0049082857882700075 0.770229555605144 -5.3900277275568875
1.2977777777777777 0.004930437918362108 0.7699375136394098 -5.385800789634342
1.297037037037037 0.004952687495222922 0.7696451421804213 -5.3815753243487086
1.2962962962962963 0.004975034944870762 0.7693524405188003 -5.377351332966368
1.2955555555555556 0.004997480695258726 0.7690594079428333 -5.373128816755239
1.2948148148148149 0.005020025176284391 0.7687660437384619 -5.368907776984805
1.2940740740740742 0.00504266881980001 0.7684723471892717 -5.364688214926063
1.2933333333333334 0.005065412059621945 0.7681783175764825 -5.36047013185162
1.2925925925925925 0.00508825533154121 0.7678839541789373 -5.356253529035584
1.2918518518518518 0.005111199073333205 0.7675892562730907 -5.35203840775364
1.291111111111111 0.005134243724767788 0.7672942231329987 -5.347824769283054
1.2903703703703704 0.005157389727619763 0.7669988540303081 -5.343612614902623
1.2896296296296297 0.005180637525678821 0.7667031482342438 -5.33940194589273
1.288888888888889 0.0052039875647601095 0.7664071050115999 -5.3351927635353
1.288148148148148 0.00522744029271436 0.7661107236267272 -5.330985069113851
1.2874074074074073 0.005250996159438503 0.765814003341522 -5.32677886391346
1.2866666666666666 0.005274655616886043 0.7655169434154155 -5.322574149220787
1.285925925925926 0.005298419119077821 0.765219543105362 -5.318370926324047
1.2851851851851852 0.005322287122112422 0.7649218016658272 -5.314169196513049
1.2844444444444445 0.005346260084176939 0.7646237183487771 -5.309968961079188
1.2837037037037038 0.00537033846555789 0.7643252924036663 -5.305770221315421
1.282962962962963 0.00539452272865188 0.7640265230774276 -5.301572978516294
1.2822222222222222 0.005418813337976453 0.7637274096144566 -5.29737723397796
1.2814814814814814 0.005443210760181325 0.7634279512566052 -5.29318298899813
1.2807407407407407 0.005467715464059116 0.7631281472431657 -5.288990244876134
1.28 0.005492327920556681 0.7628279968108599 -5.284799002912871
1.2792592592592593 0.005517048602786127 0.762527499193828 -5.280609264410856
1.2785185185185186 0.005541877986036164 0.7622266536236161 -5.276421030674187
1.2777777777777777 0.005566816547783356 0.761925459329163 -5.272234303008571
1.277037037037037 0.005591864767703535 0.7616239155367905 -5.268049082721315
1.2762962962962963 0.005617023127683304 0.7613220214701877 -5.2638653711213195
1.2755555555555556 0.0056422921118313655 0.7610197763504023 -5.259683169519123
1.2748148148148148 0.005667672206490448 0.7607171793958253 -5.2555024792268386
1.2740740740740741 0.005693163900248727 0.7604142298221794 -5.251323301558204
1.2733333333333334 0.005718767683951635 0.7601109268425074 -5.247145637828579
1.2725925925925927 0.0057444840507137164 0.7598072696671581 -5.242969489354932
1.2718518518518518 0.005770313495930599 0.7595032575037746 -5.238794857455838
1.271111111111111 0.0057962565172907324 0.7591988895572804 -5.234621743451519
1.2703703703703704 0.005822313614787704 0.7588941650298684 -5.230450148663797
1.2696296296296297 0.005848485290732192 0.7585890831209855 -5.226280074416136
1.268888888888889 0.005874772049764214 0.7582836430273212 -5.222111522033622
1.2681481481481482 0.005901174398865536 0.757977843942795 -5.21794449284296
1.2674074074074073 0.0059276928473717605 0.7576716850585398 -5.213778988172507
1.2666666666666666 0.005954327906985109 0.7573651655628938 -5.209615009352234
1.265925925925926 0.0059810800917866 0.757058284641383 -5.205452557713769
1.2651851851851852 0.00600794991824887 0.7567510414767082 -5.201291634590373
1.2644444444444445 0.006034937905248844 0.7564434352487343 -5.197132241316936
1.2637037037037038 0.0060620445740803 0.7561354651344737 -5.192974379230023
1.262962962962963 0.006089270448467163 0.7558271303080731 -5.188818049667797
1.2622222222222224 0.0061166160545757685 0.7555184299408011 -5.184663253970124
1.2614814814814814 0.006144081921028535 0.755209363201033 -5.18050999347848
1.2607407407407407 0.006171668578916612 0.7548999292542369 -5.176358269536016
1.26 0.006199376561813238 0.7545901272629613 -5.172208083487538
1.2592592592592593 0.006227206405787092 0.7542799563868177 -5.168059436679496
1.2585185185185186 0.006255158649415346 0.75396941578247 -5.1639123304600245
1.2577777777777779 0.006283233833797507 0.7536585046036175 -5.159766766178899
1.257037037037037 0.006311432502568593 0.753347222000982 -5.155622745187576
1.2562962962962962 0.006339755201912944 0.7530355671222919 -5.151480268839175
1.2555555555555555 0.006368202480577959 0.7527235391122694 -5.147339338488479
1.2548148148148148 0.006396774889887661 0.7524111371126138 -5.14319995549196
1.2540740740740741 0.006425472983756908 0.7520983602619892 -5.139062121207746
1.2533333333333334 0.006454297318705025 0.7517852076960067 -5.134925836995661
1.2525925925925927 0.006483248453870202 0.7514716785472122 -5.130791104217194
1.2518518518518518 0.006512326951023395 0.7511577719450686 -5.1266579242355315
1.251111111111111 0.006541533374582687 0.7508434870159427 -5.122526298415539
1.2503703703703704 0.006570868291627781 0.7505288228830903 -5.118396228123758
1.2496296296296296 0.006600332271914071 0.7502137786666382 -5.114267714728446
1.248888888888889 0.006629925887887669 0.7498983534835711 -5.110140759599523
1.2481481481481482 0.006659649714699582 0.7495825464477154 -5.10601536410863
1.2474074074074073 0.00668950433022074 0.749266356669723 -5.101891529629093
1.2466666666666666 0.00671949031505674 0.7489497832570566 -5.097769257535941
1.2459259259259259 0.006749608252562837 0.7486328253139726 -5.093648549205896
1.2451851851851852 0.006779858728858823 0.7483154819415058 -5.089529406017398
1.2444444444444445 0.006810242332844279 0.7479977522374542 -5.085411829350596
1.2437037037037038 0.0068407596562137995 0.7476796352963604 -5.081295820587338
1.242962962962963 0.006871411293472395 0.7473611302094977 -5.077181381111183
1.2422222222222223 0.0069021978419507085 0.7470422360648528 -5.07306851230742
1.2414814814814816 0.006933119901820767 0.746722951947109 -5.068957215563046
1.2407407407407407 0.006964178076111592 0.7464032769376299 -5.064847492266776
1.24 0.006995372970724839 0.7460832101144435 -5.060739343809058
1.2392592592592593 0.007026705194450839 0.7457627505522234 -5.056632771582053
1.2385185185185186 0.00705817535898442 0.7454418973222745 -5.052527776979655
1.2377777777777779 0.007089784078941042 0.7451206494925128 -5.0484243613974895
1.237037037037037 0.007121531971873014 0.744799006127451 -5.0443225262329054
1.2362962962962962 0.007153419658285614 0.7444769662881804 -5.040222272885007
1.2355555555555555 0.007185447761653763 0.7441545290323529 -5.0361236027546195
1.2348148148148148 0.007217616908438371 0.7438316934141639 -5.032026517244311
1.234074074074074 0.007249927728103021 0.7435084584843346 -5.027931017758388
1.2333333333333334 0.007282380853130571 0.7431848232900948 -5.023837105702927
1.2325925925925927 0.007314976919040333 0.7428607868751645 -5.019744782485722
1.231851851851852 0.007347716564404681 0.7425363482797356 -5.015654049516338
1.231111111111111 0.007380600430866459 0.7422115065404552 -5.011564908206078
1.2303703703703703 0.007413629163155974 0.7418862606904055 -5.007477359968013
1.2296296296296296 0.00744680340910837 0.7415606097590868 -5.00339140621697
1.228888888888889 0.007480123819681127 0.7412345527723999 -4.999307048369539
1.2281481481481482 0.007513591048971649 0.7409080887526232 -4.9952242878440645
1.2274074074074075 0.007547205754234842 0.7405812167184007 -4.99114312606067
1.2266666666666666 0.007580968595901061 0.7402539356847175 -4.987063564441235
1.2259259259259259 0.007614880237593963 0.7399262446628836 -4.982985604409418
1.2251851851851852 0.007648941346148561 0.7395981426605137 -4.97890924739065
1.2244444444444444 0.007683152591629418 0.7392696286815088 -4.9748344948121455
1.2237037037037037 0.00771751464734907 0.7389407017260372 -4.970761348102886
1.222962962962963 0.007752028189886239 0.7386113607905124 -4.966689808693652
1.2222222222222223 0.007786693899104673 0.7382816048675774 -4.9626198780169934
1.2214814814814816 0.00782151245817175 0.737951432946082 -4.958551557507243
1.2207407407407407 0.007856484553577119 0.7376208440110648 -4.954484848600548
1.22 0.00789161087515191 0.7372898370437307 -4.950419752734832
1.2192592592592593 0.007926892116087821 0.7369584110214341 -4.946356271349811
1.2185185185185186 0.007962328972956168 0.7366265649176558 -4.942294405887011
1.2177777777777778 0.007997922145727488 0.736294297701984 -4.938234157789744
1.217037037037037 0.008033672337790863 0.7359616083400935 -4.934175528503138
1.2162962962962962 0.008069580255973607 0.735628495793725 -4.930118519474125
1.2155555555555555 0.008105646610561098 0.7352949590206638 -4.926063132151445
1.2148148148148148 0.008141872115316705 0.7349609969747186 -4.922009367985651
1.214074074074074 0.008178257487501858 0.7346266086057034 -4.917957228429103
1.2133333333333334 0.008214803447896202 0.7342917928594107 -4.913906714935984
1.2125925925925927 0.008251510720817876 0.7339565486775945 -4.909857828962311
1.211851851851852 0.008288380034144342 0.7336208749979473 -4.9058105719658975
1.2111111111111112 0.00832541211933272 0.7332847707540785 -4.901764945406392
1.2103703703703703 0.008362607711440775 0.7329482348754922 -4.897720950745266
1.2096296296296296 0.008399967549147534 0.7326112662875655 -4.893678589445846
1.208888888888889 0.008437492374774735 0.7322738639115257 -4.889637862973275
1.2081481481481482 0.008475182934308106 0.7319360266644298 -4.885598772794523
1.2074074074074075 0.008513039977418516 0.7315977534591382 -4.8815613203784105
1.2066666666666666 0.008551064257483518 0.7312590432042972 -4.877525507195611
1.2059259259259258 0.00858925653160949 0.7309198948043119 -4.873491334718612
1.2051851851851851 0.008627617560652967 0.730580307159325 -4.869458804421776
1.2044444444444444 0.008666148109243056 0.7302402791651939 -4.8654279177813
1.2037037037037037 0.00870484894580322 0.7298998097134657 -4.86139867627526
1.202962962962963 0.00874372084257426 0.7295588976913561 -4.857371081383553
1.2022222222222223 0.008782764575636362 0.7292175419817246 -4.853345134587946
1.2014814814814816 0.008821980924931708 0.7288757414630502 -4.849320837372086
1.2007407407407409 0.008861370674287699 0.7285334950094082 -4.845298191221464
1.2 0.0089009346114398 0.7281908014904455 -4.841277197623439
1.1992592592592592 0.008940673528054612 0.7278476597713566 -4.837257858067251
1.1985185185185185 0.008980588219753163 0.7275040687128594 -4.833240174044024
1.1977777777777778 0.009020679486135132 0.7271600271711696 -4.82922414704671
1.1970370370370371 0.009060948130801426 0.7268155339979765 -4.825209778570195
1.1962962962962962 0.009101394961379074 0.7264705880404191 -4.821197070111209
1.1955555555555555 0.009142020789544698 0.7261251881410572 -4.817186023168384
1.1948148148148148 0.009182826431048797 0.7257793331378505 -4.813176639242249
1.194074074074074 0.009223812705740528 0.7254330218641297 -4.809168919835199
1.1933333333333334 0.009264980437592033 0.7250862531485744 -4.805162866451524
1.1925925925925926 0.009306330454723162 0.7247390258151812 -4.801158480597426
1.191851851851852 0.009347863589426457 0.7243913386832436 -4.797155763781004
1.1911111111111112 0.009389580678192571 0.7240431905673228 -4.7931547175122455
1.1903703703703705 0.009431482561735306 0.7236945802772207 -4.789155343303053
1.1896296296296296 0.00947357008501736 0.7233455066179552 -4.785157642667228
1.1888888888888889 0.009515844097275841 0.722995968389731 -4.781161617120494
1.1881481481481482 0.00955830545204823 0.7226459643879147 -4.777167268180491
1.1874074074074075 0.009600955007198913 0.7222954934030056 -4.773174597366752
1.1866666666666668 0.009643793624944788 0.7219445542206088 -4.769183606200755
1.1859259259259258 0.009686822171882423 0.7215931456214081 -4.76519429620588
1.1851851851851851 0.009730041519014403 0.7212412663811385 -4.761206668907444
1.1844444444444444 0.009773452541776239 0.720888915270556 -4.757220725832694
1.1837037037037037 0.009817056120063802 0.7205360910554102 -4.753236468510797
1.182962962962963 0.009860853138260276 0.7201827924964166 -4.749253898472865
1.1822222222222223 0.009904844485263919 0.7198290183492277 -4.745273017251951
1.1814814814814816 0.009949031054515913 0.7194747673644031 -4.7412938263830275
1.1807407407407409 0.00999341374402801 0.7191200382873801 -4.73731632740303
1.18 0.010037993456411041 0.718764829858446 -4.7333405218508275
1.1792592592592592 0.010082771098903001 0.7184091408127073 -4.729366411267253
1.1785185185185185 0.010127747583397975 0.7180529698800592 -4.725393997195076
1.1777777777777778 0.010172923826474795 0.7176963157851568 -4.72142328117903
1.177037037037037 0.010218300749426092 0.717339177247384 -4.717454264765805
1.1762962962962964 0.010263879278287698 0.7169815529808241 -4.71348694950405
1.1755555555555555 0.010309660343868139 0.7166234416942265 -4.709521336944374
1.1748148148148148 0.010355644881778071 0.7162648420909787 -4.705557428639376
1.174074074074074 0.010401833832460728 0.7159057528690728 -4.701595226143606
1.1733333333333333 0.010448228141222055 0.7155461727210759 -4.6976347310135775
1.1725925925925926 0.010494828758260834 0.7151861003340967 -4.693675944807799
1.171851851851852 0.010541636638699508 0.7148255343897539 -4.689718869086758
1.1711111111111112 0.010588652742615244 0.714464473564145 -4.685763505412922
1.1703703703703705 0.010635878035071144 0.7141029165278135 -4.681809855350731
1.1696296296296296 0.010683313486147318 0.7137408619457142 -4.677857920466637
1.1688888888888889 0.010730960070972838 0.7133783084771833 -4.67390770232907
1.1681481481481482 0.010778818769757755 0.713015254775904 -4.66995920250845
1.1674074074074074 0.010826890567824633 0.712651699489871 -4.666012422577225
1.1666666666666667 0.010875176455642163 0.7122876412613615 -4.6620673641097925
1.1659259259259258 0.010923677428856261 0.7119230787268936 -4.658124028682613
1.165185185185185 0.010972394488324612 0.711558010517203 -4.6541824178741065
1.1644444444444444 0.011021328640148596 0.7111924352571968 -4.650242533264736
1.1637037037037037 0.011070480895707573 0.7108263515659269 -4.646304376436959
1.162962962962963 0.01111985227169216 0.7104597580565513 -4.642367948975266
1.1622222222222223 0.011169443790138572 0.7100926533362993 -4.638433252466151
1.1614814814814816 0.011219256478462551 0.7097250360064372 -4.63450028849815
1.1607407407407409 0.011269291369494262 0.7093569046622301 -4.63056905866181
1.1600000000000001 0.011319549501512916 0.7089882578929082 -4.626639564549717
1.1592592592592592 0.011370031918281988 0.7086190942816274 -4.622711807756485
1.1585185185185185 0.01142073966908461 0.7082494124054375 -4.618785789878764
1.1577777777777778 0.01147167380875906 0.7078792108352386 -4.614861512515256
1.157037037037037 0.01152283539773504 0.7075084881357481 -4.610938977266696
1.1562962962962964 0.011574225502070013 0.7071372428654629 -4.607018185735852
1.1555555555555554 0.011625845193485215 0.7067654735766202 -4.603099139527567
1.1548148148148147 0.01167769554940323 0.7063931788151594 -4.599181840248716
1.154074074074074 0.0117297776529844 0.7060203571206828 -4.595266289508255
1.1533333333333333 0.01178209259316529 0.7056470070264205 -4.591352488917162
1.1525925925925926 0.011834641464695433 0.7052731270591857 -4.587440440088509
1.151851851851852 0.011887425368176087 0.7048987157393398 -4.583530144637418
1.1511111111111112 0.01194044541009839 0.7045237715807501 -4.579621604181087
1.1503703703703705 0.011993702702882197 0.70414829309075 -4.575714820338783
1.1496296296296298 0.012047198364914786 0.7037722787700988 -4.571809794731863
1.1488888888888888 0.012100933520591184 0.7033957271129426 -4.567906528983722
1.1481481481481481 0.012154909300352556 0.7030186366067714 -4.564005024719878
1.1474074074074074 0.012209126840726971 0.7026410057323749 -4.5601052835679265
1.1466666666666667 0.01226358728436992 0.7022628329638075 -4.556207307157537
1.145925925925926 0.012318291780104532 0.7018841167683404 -4.552311097120483
1.145185185185185 0.012373241482962887 0.7015048556064213 -4.548416655090634
1.1444444444444444 0.012428437554227371 0.7011250479316312 -4.54452398270395
1.1437037037037037 0.012483881161472315 0.7007446921906424 -4.540633081598506
1.142962962962963 0.012539573478606273 0.7003637868231726 -4.536743953414469
1.1422222222222222 0.012595515685914301 0.6999823302619446 -4.532856599794117
1.1414814814814815 0.012651708970100645 0.6996003209326367 -4.528971022381853
1.1407407407407408 0.012708154524332145 0.6992177572538433 -4.525087222824187
1.1400000000000001 0.012764853548281711 0.6988346376370277 -4.521205202769743
1.1392592592592594 0.01282180724817204 0.6984509604864761 -4.517324963869279
1.1385185185185185 0.012879016836820079 0.6980667241992533 -4.51344650777567
1.1377777777777778 0.012936483533681653 0.6976819271651562 -4.509569836143923
1.137037037037037 0.012994208564896293 0.6972965677666657 -4.505694950631183
1.1362962962962964 0.01305219316333285 0.6969106443789017 -4.501821852896728
1.1355555555555557 0.013110438568635757 0.6965241553695762 -4.497950544601948
1.1348148148148147 0.0131689460272697 0.6961370990989435 -4.49408102741044
1.134074074074074 0.013227716792567986 0.695749473919752 -4.490213302987894
1.1333333333333333 0.013286752124778655 0.6953612781772 -4.486347373002167
1.1325925925925926 0.013346053291111944 0.6949725102088815 -4.482483239123271
1.1318518518518519 0.013405621565788306 0.6945831683447387 -4.478620903023369
1.1311111111111112 0.013465458230086255 0.6941932509070141 -4.474760366376799
1.1303703703703705 0.013525564572391572 0.6938027562101974 -4.470901630860047
1.1296296296296298 0.013585941888245995 0.6934116825609773 -4.467044698151773
1.1288888888888888 0.013646591480396902 0.6930200282581895 -4.463189569932804
1.1281481481481481 0.013707514658846813 0.6926277915927638 -4.459336247886164
1.1274074074074074 0.013768712740904574 0.6922349708476746 -4.455484733697023
1.1266666666666667 0.013830187051235631 0.6918415642978882 -4.4516350290527456
1.125925925925926 0.013891938921913326 0.6914475702103083 -4.447787135642884
1.125185185185185 0.01395396969247041 0.6910529868437222 -4.443941055159193
1.1244444444444444 0.014016280709952105 0.6906578124487528 -4.440096789295588
1.1237037037037036 0.014078873328967482 0.6902620452677951 -4.436254339748215
1.122962962962963 0.014141748911743716 0.6898656835349704 -4.432413708215396
1.1222222222222222 0.014204908828179015 0.6894687254760647 -4.428574896397659
1.1214814814814815 0.014268354455896826 0.6890711693084779 -4.4247379059977465
1.1207407407407408 0.014332087180300166 0.6886730132411629 -4.420902738720616
1.12 0.014396108394627308 0.6882742554745739 -4.417069396273423
1.1192592592592594 0.014460419500006623 0.687874894200606 -4.413237880365547
1.1185185185185185 0.014525021905512785 0.6874749276025377 -4.409408192708599
1.1177777777777778 0.014589917028223138 0.6870743538549737 -4.40558033501642
1.117037037037037 0.014655106293275598 0.6866731711237871 -4.401754309005049
1.1162962962962963 0.014720591133925159 0.6862713775660583 -4.397930116392776
1.1155555555555556 0.014786372991602133 0.6858689713300163 -4.394107758900143
1.1148148148148147 0.014852453315971414 0.6854659505549785 -4.390287238249904
1.114074074074074 0.014918833564990908 0.6850623133712903 -4.386468556167077
1.1133333333333333 0.014985515204971728 0.6846580579002621 -4.382651714378906
1.1125925925925926 0.015052499710637659 0.6842531822541094 -4.378836714614919
1.1118518518518519 0.015119788565186932 0.6838476845358893 -4.375023558606869
1.1111111111111112 0.015187383260353033 0.6834415628394387 -4.37121224808877
1.1103703703703705 0.015255285296466036 0.6830348152493075 -4.3674027847969255
1.1096296296296297 0.015323496182516542 0.6826274398407001 -4.363595170469861
1.108888888888889 0.0153920174362169 0.6822194346794056 -4.3597894068484155
1.108148148148148 0.015460850584066472 0.6818107978217337 -4.355985495675667
1.1074074074074074 0.015529997161414484 0.68140152731445 -4.352183438697004
1.1066666666666667 0.015599458712525879 0.68099162119471 -4.348383237660068
1.105925925925926 0.015669236790646426 0.6805810774899911 -4.344584894314788
1.1051851851851853 0.015739332958067984 0.6801698942180209 -4.340788410413408
1.1044444444444443 0.01580974878619679 0.6797580693867178 -4.336993787710418
1.1037037037037036 0.01588048585561866 0.6793456009941135 -4.333201027962656
1.102962962962963 0.015951545756168726 0.6789324870282888 -4.329410132929222
1.1022222222222222 0.016022930086998472 0.6785187254672982 -4.325621104371552
1.1014814814814815 0.01609464045664671 0.6781043142791076 -4.321833944053342
1.1007407407407408 0.016166678483107138 0.6776892514215113 -4.318048653740656
1.1 0.016239045793900925 0.6772735348420696 -4.314265235201832
1.0992592592592594 0.016311744026146224 0.67685716247803 -4.310483690207561
1.0985185185185187 0.016384774826631494 0.6764401322562573 -4.306704020530825
1.0977777777777777 0.016458139851887207 0.6760224420931569 -4.302926227946939
1.097037037037037 0.016531840768258706 0.6756040898945995 -4.299150314233572
1.0962962962962963 0.01660587925198092 0.6751850735558486 -4.295376281170712
1.0955555555555556 0.016680256989252632 0.6747653909614797 -4.291604130540686
1.094814814814815 0.01675497567631191 0.6743450399853071 -4.287833864128167
1.094074074074074 0.016830037019512207 0.6739240184903044 -4.284065483720168
1.0933333333333333 0.016905442735398873 0.6735023243285253 -4.280298991106066
1.0925925925925926 0.01698119455078713 0.6730799553410243 -4.2765343880775815
1.0918518518518519 0.017057294202840304 0.672656909357779 -4.2727716764287935
1.0911111111111111 0.017133743439148266 0.6722331841976044 -4.269010857956163
1.0903703703703704 0.01721054401780863 0.6718087776680787 -4.265251934458483
1.0896296296296297 0.017287697707505545 0.6713836875654516 -4.261494907736961
1.088888888888889 0.017365206287593006 0.6709579116745695 -4.257739779595137
1.088148148148148 0.01744307154817565 0.6705314477687851 -4.2539865518389535
1.0874074074074074 0.01752129529019223 0.6701042936098778 -4.250235226276737
1.0866666666666667 0.01759987932549978 0.6696764469479639 -4.24648580471919
1.085925925925926 0.017678825476957816 0.6692479055214128 -4.242738288979412
1.0851851851851853 0.017758135578513978 0.6688186670567571 -4.238992680872898
1.0844444444444445 0.01783781147529046 0.6683887292686067 -4.235248982217544
1.0837037037037036 0.017917855023671284 0.6679580898595596 -4.2315071948336405
1.082962962962963 0.01799826809139006 0.6675267465201108 -4.227767320543894
1.0822222222222222 0.018079052557619466 0.6670946969285616 -4.224029361173413
1.0814814814814815 0.018160210313060005 0.6666619387509272 -4.220293318549751
1.0807407407407408 0.01824174326003269 0.6662284696408486 -4.216559194502832
1.08 0.01832365331256849 0.6657942872394905 -4.21282699086505
1.0792592592592594 0.01840594239650283 0.6653593891754568 -4.209096709471193
1.0785185185185187 0.018488612449567326 0.6649237730646862 -4.205368352158515
1.0777777777777777 0.018571665421486264 0.6644874365103627 -4.201641920766665
1.077037037037037 0.018655103274070186 0.6640503771028136 -4.1979174171377664
1.0762962962962963 0.018738927981313217 0.6636125924194138 -4.19419484311638
1.0755555555555556 0.01882314152949047 0.6631740800244859 -4.190474200549505
1.074814814814815 0.01890774591725618 0.6627348374691983 -4.186755491286602
1.074074074074074 0.018992743155743015 0.6622948622914666 -4.183038717179593
1.0733333333333333 0.019078135268663098 0.6618541520158497 -4.179323880082842
1.0725925925925925 0.019163924292408242 0.6614127041534457 -4.175610981853213
1.0718518518518518 0.019250112276154148 0.6609705162017895 -4.171900024349999
1.0711111111111111 0.01933670128196212 0.6605275856447448 -4.168191009435006
1.0703703703703704 0.01942369338488526 0.6600839099524002 -4.164483938972488
1.0696296296296297 0.019511090673072905 0.6596394865809587 -4.160778814829209
1.068888888888889 0.019598895247878747 0.659194312972632 -4.157075638874391
1.0681481481481483 0.019687109223967353 0.658748386555527 -4.153374412979777
1.0674074074074074 0.019775734729424264 0.6583017047435367 -4.149675139019592
1.0666666666666667 0.019864773905866353 0.6578542649362312 -4.145977818870543
1.065925925925926 0.019954228908551738 0.6574060645187376 -4.142282454411881
1.0651851851851852 0.020044101906494194 0.6569571008616297 -4.138589047525331
1.0644444444444445 0.020134395082575404 0.6565073713208118 -4.134897600095153
1.0637037037037036 0.020225110633660892 0.656056873237402 -4.1312081140081105
1.0629629629629629 0.020316250770715343 0.6556056039376121 -4.127520591153506
1.0622222222222222 0.0204078177189212 0.6551535607326308 -4.12383503342314
1.0614814814814815 0.02049981371779556 0.6547007409185 -4.120151442711381
1.0607407407407408 0.020592241021311637 0.6542471417759969 -4.116469820915111
1.06 0.020685101898019767 0.6537927605705065 -4.11279016993374
1.0592592592592593 0.020778398631168902 0.6533375945518991 -4.109112491669249
1.0585185185185186 0.02087213351883135 0.6528816409544044 -4.105436788026153
1.057777777777778 0.020966308874028054 0.6524248969964856 -4.101763060911513
1.057037037037037 0.02106092702485381 0.651967359880705 -4.09809131223498
1.0562962962962963 0.021155990314607662 0.6515090267936036 -4.094421543908714
1.0555555555555556 0.021251501101919174 0.6510498949055604 -4.090753757847492
1.0548148148148149 0.021347461760881287 0.6505899613706646 -4.087087955968639
1.0540740740740742 0.021443874681181932 0.6501292233265822 -4.083424140192053
1.0533333333333332 0.02154074226823742 0.649667677894415 -4.079762312440214
1.0525925925925925 0.02163806694332708 0.6492053221785702 -4.0761024746381995
1.0518518518518518 0.021735851143730837 0.6487421532666156 -4.072444628713663
1.051111111111111 0.021834097322866446 0.6482781682291425 -4.068788776596858
1.0503703703703704 0.021932807950429598 0.6478133641196259 -4.065134920220625
1.0496296296296297 0.022031985512534324 0.6473477379742772 -4.061483061520428
1.048888888888889 0.022131632511856816 0.6468812868119014 -4.057833202434318
1.0481481481481483 0.022231751467778407 0.6464140076337483 -4.0541853449029785
1.0474074074074076 0.022332344916532854 0.6459458974233707 -4.050539490869689
1.0466666666666666 0.022433415411353137 0.6454769531464677 -4.0468956422803535
1.045925925925926 0.02253496552262019 0.6450071717507356 -4.043253801083522
1.0451851851851852 0.0226369978380151 0.6445365501657161 -4.039613969230352
1.0444444444444445 0.022739514962670536 0.6440650853026401 -4.035976148674651
1.0437037037037038 0.022842519519325664 0.6435927740542724 -4.032340341372866
1.0429629629629629 0.022946014148482262 0.6431196132947512 -4.02870654928408
1.0422222222222222 0.023050001508562297 0.642645599879431 -4.025074774370038
1.0414814814814815 0.02315448427606849 0.6421707306447193 -4.021445018595115
1.0407407407407407 0.023259465145744236 0.64169500240791 -4.017817283926371
1.04 0.023364946830738302 0.6412184119670243 -4.014191572333522
1.0392592592592593 0.023470932062769387 0.6407409561006352 -4.010567885788958
1.0385185185185186 0.02357742359229437 0.6402626315677054 -4.0069462262677185
1.037777777777778 0.023684424188675786 0.6397834351074128 -4.003326595747546
1.037037037037037 0.02379193664035375 0.639303363438974 -3.9997089962088657
1.0362962962962963 0.023899963755019803 0.6388224132614759 -3.9960934296347665
1.0355555555555556 0.024008508359790376 0.6383405812536926 -3.9924798980110547
1.0348148148148149 0.024117573301385004 0.6378578640739074 -3.988868403326225
1.0340740740740741 0.024227161446305094 0.6373742583597323 -3.985258947571479
1.0333333333333334 0.024337275681016214 0.6368897607279258 -3.981651532740704
1.0325925925925925 0.024447918912129496 0.6364043677742017 -3.978046160830536
1.0318518518518518 0.02455909406658959 0.6359180760730481 -3.974442833840299
1.031111111111111 0.024670804091861273 0.6354308821775311 -3.9708415537720425
1.0303703703703704 0.02478305195611952 0.6349427826191066 -3.96724232263055
1.0296296296296297 0.024895840648442177 0.6344537739074243 -3.9636451424233345
1.028888888888889 0.02500917317900438 0.6339638525301285 -3.9600500151606486
1.0281481481481483 0.025123052579275863 0.6334730149526626 -3.9564569428554797
1.0274074074074075 0.025237481902219756 0.6329812576180648 -3.9528659275235727
1.0266666666666666 0.025352464222495884 0.6324885769467659 -3.9492769711833926
1.025925925925926 0.02546800263666215 0.6319949693363792 -3.9456900758562066
1.0251851851851852 0.02558410026338432 0.6315004311614971 -3.9421052435660044
1.0244444444444445 0.025700760243642394 0.6310049587734713 -3.9385224763395787
1.0237037037037038 0.02581798574094534 0.6305085485002078 -3.9349417762064554
1.0229629629629629 0.025935779942205816 0.63001119664757 -3.931363145180463
1.0222222222222221 0.0260541460553051 0.6295128994926488 -3.92778658533385
1.0214814814814814 0.026173087313294735 0.6290136532933226 -3.9242120986858575
1.0207407407407407 0.02629260697196289 0.6285134542815001 -3.9206396872771583
1.02 0.02641270831072321 0.6280122986645313 -3.9170693531512333
1.0192592592592593 0.026533394632843533 0.6275101826249754 -3.9135010983543568
1.0185185185185186 0.026654669265675772 0.6270071023203659 -3.909934924935621
1.017777777777778 0.02677653556089079 0.6265030538829774 -3.9063708349469106
1.0170370370370372 0.026898996894713575 0.6259980334195846 -3.902808830442947
1.0162962962962963 0.027022056668163746 0.6254920370112211 -3.8992489134812653
1.0155555555555555 0.027145718307297645 0.624985060712933 -3.895691086122232
1.0148148148148148 0.02726998526345419 0.6244771005535344 -3.892135350429043
1.0140740740740741 0.02739486101350371 0.6239681525353523 -3.8885817084677288
1.0133333333333334 0.02752034906009949 0.6234582126339716 -3.885030162307167
1.0125925925925925 0.027646452931932925 0.6229472767979837 -3.8814807140190863
1.0118518518518518 0.027773176183992058 0.6224353409487176 -3.87793336567807
1.011111111111111 0.027900522397823667 0.6219224009799822 -3.8743881193615466
1.0103703703703704 0.02802849518179718 0.6214084527577942 -3.8708449771498254
1.0096296296296297 0.028157098171374143 0.6208934921201092 -3.8673039411260803
1.008888888888889 0.02828633502938 0.620377514876548 -3.863765013376352
1.0081481481481482 0.02841620944627913 0.619860516808116 -3.8602281959895692
1.0074074074074075 0.028546725140454154 0.6193424936669246 -3.8566934910575483
1.0066666666666668 0.02867788585848919 0.6188234411759027 -3.85316090067498
1.005925925925926 0.028809695375454893 0.6183033550285111 -3.8496304269394725
1.0051851851851852 0.028942157495199884 0.6177822308884462 -3.846102071951525
1.0044444444444445 0.029075276050644402 0.6172600643893473 -3.842575837814539
1.0037037037037038 0.029209054904077537 0.6167368511344927 -3.839051726634842
1.002962962962963 0.0293434979474603 0.6162125866964969 -3.8355297405216597
1.0022222222222221 0.02947860910273011 0.6156872666170019 -3.832009881587156
1.0014814814814814 0.029614392322111417 0.6151608864063652 -3.82849215194642
1.0007407407407407 0.02975085158842972 0.6146334415433419 -3.824976553717474
1.0 0.029887990915429933 0.6141049274747653 -3.8214630890212753
0.9992592592592593 0.030025814348098485 0.6135753396152198 -3.8179517599817303
0.9985185185185186 0.03016432596299056 0.6130446733467132 -3.814442568725697
0.9977777777777778 0.030303529868561444 0.6125129240183408 -3.810935517382987
0.997037037037037 0.03044343020550246 0.6119800869459492 -3.807430608086368
0.9962962962962963 0.030584031147080845 0.6114461574117915 -3.8039278429715857
0.9955555555555555 0.0307253368994854 0.6109111306641796 -3.800427224177352
0.9948148148148148 0.03086735170217617 0.6103750019171321 -3.7969287538453558
0.9940740740740741 0.031010079828238894 0.609837766350018 -3.7934324341202705
0.9933333333333334 0.031153525584744744 0.6092994191071918 -3.7899382671497577
0.9925925925925926 0.03129769331311426 0.6087599552976286 -3.7864462550844813
0.9918518518518519 0.03144258738948801 0.6082193699945506 -3.782956400078091
0.9911111111111112 0.031588212225099846 0.6076776582350522 -3.7794687042872614
0.9903703703703703 0.03173457226665846 0.607134815019711 -3.775983169871658
0.9896296296296296 0.031881671996731115 0.606590835312208 -3.7724997989939815
0.9888888888888889 0.03202951593413554 0.6060457140389285 -3.7690185938199434
0.9881481481481482 0.032178108634335005 0.6054994460885641 -3.7655395565182985
0.9874074074074074 0.0323274546898422 0.60495202631171 -3.7620626892608087
0.9866666666666667 0.032477558730623544 0.604403449520451 -3.7585879942223115
0.985925925925926 0.03262842542451585 0.6038537104879504 -3.7551154735806636
0.9851851851851852 0.03278005947764342 0.6033028039480229 -3.7516451295167847
0.9844444444444445 0.032932465634844255 0.6027507245947106 -3.7481769642146503
0.9837037037037037 0.03308564868010116 0.6021974670818454 -3.7447109798612996
0.982962962962963 0.03323961343697945 0.6016430260226105 -3.741247178646841
0.9822222222222222 0.03339436476907147 0.6010873959890934 -3.7377855627644485
0.9814814814814815 0.03354990758044559 0.6005305715118312 -3.7343261344103986
0.9807407407407408 0.033706246816105005 0.5999725470793535 -3.730868895784032
0.98 0.03386338746245034 0.5994133171377121 -3.7274138490877933
0.9792592592592593 0.0340213345477502 0.5988528760900106 -3.7239609965272287
0.9785185185185186 0.03418009314261965 0.5982912182959227 -3.7205103403109745
0.9777777777777779 0.034339668360503485 0.5977283380712045 -3.7170618826507877
0.977037037037037 0.03450006535816827 0.5971642296872013 -3.713615625761547
0.9762962962962963 0.03466128933620201 0.596598887370344 -3.7101715718612427
0.9755555555555556 0.03482334553952061 0.5960323053016408 -3.7067297231709904
0.9748148148148148 0.03498623925788083 0.595464477616158 -3.7032900819150534
0.9740740740740741 0.03514997582640372 0.5948953984024994 -3.699852650320823
0.9733333333333334 0.03531456062610331 0.5943250617022688 -3.69641743061884
0.9725925925925926 0.03547999908442427 0.5937534615095331 -3.6929844250428063
0.9718518518518519 0.035646296675789224 0.5931805917702705 -3.689553635829564
0.9711111111111111 0.03581345892215103 0.5926064463818149 -3.68612506521914
0.9703703703703704 0.03598149139355756 0.5920310191922894 -3.6826987154547126
0.9696296296296296 0.036150399708721574 0.5914543040000333 -3.6792745887826475
0.9688888888888889 0.03632018953560191 0.5908762945530163 -3.675852687452489
0.9681481481481482 0.036490866591991925 0.5902969845482481 -3.6724330137169776
0.9674074074074074 0.03666243664611898 0.5897163676311764 -3.669015569832035
0.9666666666666667 0.03683490551725112 0.5891344373950764 -3.665600358056793
0.965925925925926 0.037008279076314765 0.5885511873804304 -3.6621873806535907
0.9651851851851853 0.03718256324652157 0.5879666110742973 -3.6587766398879786
0.9644444444444444 0.03735776400400531 0.5873807019096737 -3.655368138028727
0.9637037037037037 0.03753388737846921 0.5867934532648426 -3.6519618773478237
0.962962962962963 0.03771093945384153 0.5862048584627143 -3.648557860120508
0.9622222222222222 0.037888926368945086 0.585614910770155 -3.6451560886252428
0.9614814814814815 0.038067854318175005 0.5850236033973061 -3.641756565143732
0.9607407407407408 0.038247729552186846 0.584430929496891 -3.638359291960948
0.9600000000000001 0.03842855837859874 0.5838368821635112 -3.6349642713651016
0.9592592592592593 0.03861034716270139 0.5832414544329337 -3.6315715056476803
0.9585185185185185 0.03879310232818296 0.5826446392813621 -3.6281809971034273
0.9577777777777778 0.038976830357862105 0.5820464296247009 -3.6247927480303797
0.957037037037037 0.039161537794436485 0.5814468183178017 -3.6214067607298484
0.9562962962962963 0.03934723124124198 0.5808457981537041 -3.6180230375064264
0.9555555555555556 0.03953391736302354 0.5802433618628611 -3.614641580668016
0.9548148148148149 0.03972160288672065 0.5796395021123467 -3.6112623925258145
0.9540740740740741 0.03991029460226517 0.5790342115050601 -3.6078854753943213
0.9533333333333334 0.040099999363390953 0.5784274825789084 -3.604510831591363
0.9525925925925927 0.04029072408845997 0.5778193078059805 -3.6011384634380788
0.9518518518518518 0.040482475761299555 0.5772096795917052 -3.5977683732589383
0.9511111111111111 0.04067526143205546 0.576598590273995 -3.5944005633817433
0.9503703703703704 0.04086908821805831 0.5759860321223761 -3.5910350361376415
0.9496296296296297 0.04106396330470593 0.575371997337102 -3.587671793861125
0.9488888888888889 0.0412598939463595 0.5747564780482569 -3.584310838890042
0.9481481481481482 0.04145688746725651 0.5741394663148375 -3.580952173565594
0.9474074074074075 0.041654951262437685 0.5735209541238224 -3.5775958002323556
0.9466666666666667 0.04185409279869081 0.5729009333892247 -3.5742417212382778
0.945925925925926 0.042054319615511586 0.5722793959511293 -3.5708899389346906
0.9451851851851852 0.04225563932608094 0.5716563335747135 -3.5675404556763013
0.9444444444444444 0.04245805961825718 0.5710317379492458 -3.5641932738212248
0.9437037037037037 0.04266158825558935 0.5704056006870767 -3.5608483957309716
0.942962962962963 0.042866233078345674 0.5697779133226001 -3.5575058237704575
0.9422222222222223 0.04307200200456137 0.5691486673112066 -3.5541655603080136
0.9414814814814815 0.04327890303110446 0.5685178540282128 -3.5508276077153926
0.9407407407407408 0.04348694423476136 0.5678854647677724 -3.5474919683677704
0.9400000000000001 0.04369613377334076 0.5672514907417686 -3.5441586446437654
0.9392592592592592 0.04390647988679893 0.5666159230786865 -3.5408276389254314
0.9385185185185185 0.04411799089838405 0.5659787528224619 -3.5374989535982704
0.9377777777777778 0.04433067521580199 0.5653399709313176 -3.5341725910512403
0.9370370370370371 0.04454454133240242 0.5646995682765695 -3.5308485536767638
0.9362962962962963 0.04475959782838879 0.5640575356414153 -3.5275268438707226
0.9355555555555556 0.0449758533720474 0.5634138637197001 -3.5242074640324845
0.9348148148148149 0.04519331672100146 0.5627685431146606 -3.520890416564899
0.9340740740740741 0.0454119967234888 0.5621215643376428 -3.517575703874293
0.9333333333333333 0.04563190231965984 0.5614729178068012 -3.514263328370508
0.9325925925925926 0.04585304254290517 0.5608225938457689 -3.5109532924668714
0.9318518518518519 0.04607542652120261 0.5601705826823021 -3.5076455985802353
0.9311111111111111 0.04629906347849394 0.5595168744469058 -3.504340249130961
0.9303703703703704 0.04652396273608566 0.5588614591714286 -3.5010372465429302
0.9296296296296297 0.04675013371407557 0.5582043267876268 -3.497736593243567
0.9288888888888889 0.04697758593280852 0.5575454671257118 -3.494438291663833
0.9281481481481482 0.047206329014360275 0.5568848699128598 -3.4911423442382237
0.9274074074074075 0.04743637268404709 0.5562225247716988 -3.487848753404801
0.9266666666666667 0.04766772677196783 0.5555584212187618 -3.484557521605177
0.9259259259259259 0.047900401214573646 0.5548925486629162 -3.481268651284539
0.9251851851851852 0.04813440605627054 0.5542248964037559 -3.4779821448916404
0.9244444444444445 0.04836975145105126 0.5535554536299657 -3.474698004878818
0.9237037037037037 0.0486064476641593 0.5528842094176528 -3.4714162337020062
0.922962962962963 0.04884450507378898 0.5522111527286448 -3.468136833820726
0.9222222222222223 0.049083934172815785 0.5515362724087575 -3.4648598076981028
0.9214814814814815 0.04932474557056248 0.5508595571860176 -3.461585157800876
0.9207407407407407 0.049566949994601706 0.5501809956688661 -3.458312886599397
0.92 0.049810558292592615 0.5495005763443095 -3.4550429965676495
0.9192592592592593 0.05005558143415758 0.548818287576047 -3.4517754901832474
0.9185185185185185 0.05030203051279493 0.5481341176025465 -3.4485103699274395
0.9177777777777778 0.050549916747831505 0.5474480545350937 -3.445247638285128
0.9170370370370371 0.05079925148641564 0.5467600863557948 -3.4419872977448636
0.9162962962962963 0.05105004620555011 0.5460702009155363 -3.438729350798868
0.9155555555555556 0.05130231251416932 0.5453783859319067 -3.4354737999430243
0.9148148148148149 0.05155606215525828 0.5446846289870764 -3.43222064767689
0.9140740740740741 0.051811307008014396 0.543988917525623 -3.4289698965037245
0.9133333333333333 0.05206805909005978 0.5432912388523278 -3.4257215489304587
0.9125925925925926 0.052326330559694885 0.5425915801299079 -3.42247560746773
0.9118518518518519 0.05258613371820274 0.5418899283767133 -3.4192320746298845
0.9111111111111111 0.052847481012201616 0.5411862704643682 -3.415990952934987
0.9103703703703704 0.05311038503604925 0.5404805931153639 -3.412752244904819
0.9096296296296297 0.053374858534298054 0.5397728829006014 -3.409515953064888
0.908888888888889 0.053640914404202426 0.5390631262368759 -3.4062820799444493
0.9081481481481481 0.05390856569828359 0.5383513093843123 -3.4030506280764916
0.9074074074074074 0.05417782562694716 0.5376374184437417 -3.3998215999977637
0.9066666666666667 0.0544487075611605 0.5369214393540195 -3.396594998248777
0.9059259259259259 0.05472122503518933 0.5362033578892874 -3.3933708253738026
0.9051851851851852 0.05499539174939343 0.5354831596561687 -3.390149083920896
0.9044444444444445 0.05527122157308667 0.5347608300909122 -3.386929776441892
0.9037037037037038 0.05554872854746027 0.5340363544564585 -3.3837129054924153
0.902962962962963 0.055827926888571494 0.5333097178394479 -3.3804984736318957
0.9022222222222223 0.05610883099040206 0.5325809051471614 -3.3772864834235614
0.9014814814814816 0.05639145542798379 0.5318499011043888 -3.374076937434464
0.9007407407407407 0.056675814960597995 0.5311166902502238 -3.370869838235473
0.9 0.05696192453504692 0.5303812569347919 -3.3676651884012925
0.8992592592592593 0.0572497992890032 0.5296435853158953 -3.364462990510458
0.8985185185185185 0.05753945455443433 0.5289036593555839 -3.361263247145358
0.8977777777777778 0.05783090586110935 0.5281614628166436 -3.3580659608922345
0.8970370370370371 0.05812416894018807 0.527416979259007 -3.354871134341191
0.8962962962962964 0.05841925972789407 0.5266701920360712 -3.3516787700862034
0.8955555555555555 0.05871619436927714 0.5259210842909359 -3.3484888707251166
0.8948148148148148 0.0590149892220614 0.5251696389525463 -3.3453014388596785
0.8940740740740741 0.05931566086059259 0.5244158387317461 -3.3421164770955194
0.8933333333333333 0.059618226079874714 0.5236596661172355 -3.338933988042174
0.8925925925925926 0.059922701899708185 0.5229011033714261 -3.33575397431309
0.8918518518518519 0.060229105568927965 0.5221401325262035 -3.3325764385256367
0.8911111111111112 0.060537454569747164 0.5213767353785737 -3.329401383301104
0.8903703703703704 0.06084776662220629 0.5206108934862148 -3.326228811264722
0.8896296296296297 0.06116005968873484 0.5198425881629096 -3.32305872504566
0.888888888888889 0.06147435197882556 0.519071800473865 -3.319891127277044
0.8881481481481481 0.06179066195382782 0.5182985112309171 -3.316726020595958
0.8874074074074074 0.0621090083318613 0.517522700987613 -3.31356340764345
0.8866666666666667 0.062429410092853986 0.5167443500341633 -3.3104032910645556
0.885925925925926 0.06275188648371233 0.5159634383922791 -3.307245673508283
0.8851851851851852 0.06307645702362018 0.5151799458098559 -3.30409055762764
0.8844444444444445 0.06340314150947866 0.5143938517555379 -3.3009379460796353
0.8837037037037038 0.06373196002148507 0.5136051354131319 -3.29778784152529
0.882962962962963 0.06406293292886192 0.512813775675875 -3.2946402466296294
0.8822222222222222 0.0643960808957297 0.5120197511405545 -3.2914951640617294
0.8814814814814815 0.06473142488714487 0.5112230401014685 -3.288352596494684
0.8807407407407408 0.06506898617529228 0.5104236205442295 -3.285212546605637
0.88 0.06540878634584633 0.5096214701393968 -3.282075017075782
0.8792592592592593 0.06575084730450381 0.5088165662359406 -3.2789400105903725
0.8785185185185186 0.06609519128369333 0.5080088858545265 -3.275807529838738
0.8777777777777778 0.06644184084947091 0.5071984056806177 -3.2726775775142785
0.8770370370370371 0.06679081890860267 0.5063851020573868 -3.2695501563144838
0.8762962962962964 0.06714214871584447 0.5055689509784317 -3.266425268940942
0.8755555555555555 0.06749585388142657 0.5047499280802864 -3.2633029180993383
0.8748148148148148 0.06785195837874483 0.503928008634725 -3.260183106499474
0.8740740740740741 0.06821048655227184 0.5031031675408476 -3.257065836855272
0.8733333333333334 0.06857146312569108 0.502275379316938 -3.2539511118847884
0.8725925925925926 0.0689349132102668 0.501444618092096 -3.2508389343102086
0.8718518518518519 0.06930086231344962 0.5006108575976186 -3.247729306857878
0.8711111111111112 0.06966933634773767 0.49977407115814243 -3.244622232258288
0.8703703703703703 0.07004036163979235 0.49893423168251855 -3.241517713246096
0.8696296296296296 0.07041396493982076 0.49809131165442483 -3.2384157525601434
0.8688888888888889 0.07079017343124135 0.49724528312269967 -3.235316352943442
0.8681481481481482 0.07116901474063081 0.4963961176913876 -3.2322195171432035
0.8674074074074074 0.07155051694797288 0.495543786509487 -3.2291252479108374
0.8666666666666667 0.07193470859721549 0.4946882602603891 -3.226033548001962
0.865925925925926 0.0723216187071484 0.4938295091509907 -3.2229444201764164
0.8651851851851852 0.07271127678261409 0.49296750290048663 -3.2198578671982645
0.8644444444444445 0.07310371282606341 0.4921022107288016 -3.216773891835814
0.8637037037037038 0.07349895734947204 0.49123360134467675 -3.2136924968616074
0.862962962962963 0.07389704138662513 0.49036164293337314 -3.2106136850524507
0.8622222222222222 0.07429799650579291 0.4894863031439954 -3.207537459189409
0.8614814814814815 0.07470185482280504 0.4886075490764111 -3.2044638220578254
0.8607407407407408 0.07510864901454485 0.4877253472677534 -3.201392776447319
0.86 0.07551841233287525 0.48683966367849046 -3.1983243251518054
0.8592592592592593 0.07593117861901703 0.48595046367803674 -3.1952584709694998
0.8585185185185186 0.07634698231839726 0.4850577120299097 -3.1921952167029253
0.8577777777777779 0.0767658584959838 0.48416137287638245 -3.1891345651589256
0.857037037037037 0.07718784285212989 0.4832614097226363 -3.1860765191486715
0.8562962962962963 0.07761297173894591 0.48235778542038704 -3.1830210814876745
0.8555555555555556 0.07804128217722268 0.4814504621509515 -3.179968254995793
0.8548148148148148 0.07847281187393046 0.4805394014077514 -3.176918042497234
0.8540740740740741 0.07890759924030928 0.47962456397820924 -3.1738704468205814
0.8533333333333334 0.07934568341058938 0.47870590992502804 -3.1708254707987873
0.8525925925925927 0.07978710426135639 0.4777833985668225 -3.1677831172691926
0.8518518518518519 0.08023190243159573 0.47685698845806507 -3.164743389073528
0.8511111111111112 0.08068011934344174 0.4759266373683362 -3.1617062890579337
0.8503703703703704 0.08113179722366602 0.4749923022608276 -3.1586718200729575
0.8496296296296296 0.08158697912593416 0.4740539392700855 -3.1556399849735715
0.8488888888888889 0.08204570895386526 0.47311150367893745 -3.1526107866191824
0.8481481481481482 0.08250803148493381 0.47216494989459606 -3.1495842278736372
0.8474074074074074 0.08297399239524542 0.47121423142386853 -3.1465603116052363
0.8466666666666667 0.08344363828523388 0.4702593008474633 -3.1435390406867367
0.845925925925926 0.08391701670631126 0.4693001097933266 -3.140520417995374
0.8451851851851853 0.08439417618852987 0.46833660890898354 -3.137504446412855
0.8444444444444444 0.08487516626928573 0.4673687478328214 -3.134491128825383
0.8437037037037037 0.0853600375231259 0.4663964751642823 -3.131480468123666
0.842962962962963 0.08584884159271028 0.4654197384328985 -3.1284724672029083
0.8422222222222222 0.08634163122097059 0.46443848406611854 -3.1254671289628506
0.8414814814814815 0.08683846028454689 0.46345265735588137 -3.122464456307746
0.8407407407407408 0.08733938382853505 0.462462202423843 -3.1194644521464054
0.8400000000000001 0.08784445810264258 0.46146706218523803 -3.1164671193921736
0.8392592592592593 0.08835374059878806 0.46046717831125483 -3.1134724609629645
0.8385185185185186 0.08886729009024767 0.45946249118990157 -3.110480479781256
0.8377777777777778 0.089385166672399 0.45845293988523667 -3.1074911787741124
0.837037037037037 0.08990743180517297 0.4574384620949374 -3.104504560873176
0.8362962962962963 0.09043414835726665 0.45641899410605624 -3.101520629014703
0.8355555555555556 0.09096538065224574 0.45539447074893097 -3.0985393861395463
0.8348148148148149 0.09150119451660294 0.4543648253491135 -3.0955608351931865
0.8340740740740741 0.09204165732989929 0.45332998967722593 -3.092584979125727
0.8333333333333334 0.09258683807708269 0.4522898938966317 -3.089611820891921
0.8325925925925927 0.09313680740311472 0.45124446650880606 -3.0866413634511685
0.8318518518518518 0.09369163767002504 0.45019363429628434 -3.0836736097675246
0.8311111111111111 0.09425140301652297 0.44913732226303454 -3.080708562809715
0.8303703703703704 0.09481617942031208 0.4480754535721361 -3.0777462255511603
0.8296296296296297 0.09538604476327081 0.44700794948060774 -3.0747866009699534
0.8288888888888889 0.09596107889963597 0.4459347292711993 -3.0718296920489006
0.8281481481481482 0.0965413637273861 0.4448557101810214 -3.0688755017755183
0.8274074074074075 0.09712698326299789 0.443770807326769 -3.065924033142047
0.8266666666666667 0.09771802371977795 0.4426799336263985 -3.0629752891454487
0.825925925925926 0.09831457358996751 0.4415829997169958 -3.0600292727874523
0.8251851851851852 0.09891672373088074 0.4404799138686631 -3.0570859870745126
0.8244444444444444 0.0995245674552674 0.4393705818941183 -3.054145435017872
0.8237037037037037 0.10013820062621769 0.4382549070538119 -3.051207619633533
0.822962962962963 0.10075772175683743 0.43713278995622556 -3.0482725439422933
0.8222222222222223 0.10138323211503161 0.43600412845309616 -3.0453402109697407
0.8214814814814815 0.10201483583369822 0.4348688175292184 -3.0424106237462647
0.8207407407407408 0.10265264002667476 0.4337267491864731 -3.0394837853070884
0.8200000000000001 0.1032967549108398 0.43257781232174125 -3.036559698692253
0.8192592592592592 0.10394729393474016 0.4314218925982652 -3.0336383669466325
0.8185185185185185 0.1046043739141872 0.4302588723100417 -3.030719793119964
0.8177777777777778 0.10526811517530371 0.42908863023876975 -3.0278039802668397
0.8170370370370371 0.10593864170551606 0.4279110415028652 -3.024890931446716
0.8162962962962963 0.10661608131303149 0.4267259773979586 -3.0219806497239396
0.8155555555555556 0.10730056579541541 0.42553330522832994 -3.0190731381677454
0.8148148148148149 0.10799223111788493 0.4243328881285878 -3.016168399852285
0.8140740740740741 0.10869121760204761 0.42312458487495164 -3.0132664378566085
0.8133333333333334 0.1093976701258051 0.42190824968533086 -3.0103672552646943
0.8125925925925926 0.11011173833526403 0.42068373200739284 -3.0074708551654687
0.8118518518518519 0.11083357686956109 0.41945087629376004 -3.004577240652795
0.8111111111111111 0.11156334559954066 0.41820952176329385 -3.0016864148255085
0.8103703703703704 0.11230120988140493 0.4169595021474921 -2.9987983807873855
0.8096296296296297 0.11304734082640612 0.41570064542071616 -2.9959131416472218
0.8088888888888889 0.11380191558797731 0.41443277351313046 -2.9930307005187684
0.8081481481481482 0.11456511766753945 0.41315570200479507 -2.9901510605208363
0.8074074074074075 0.11533713724070316 0.4118692397996222 -2.9872742247771544
0.8066666666666668 0.11611817150525167 0.4105731887771583 -2.984400196416593
0.8059259259259259 0.11690842505309765 0.40926734342082327 -2.981528978572981
0.8051851851851852 0.1177081102679158 0.4079514904201883 -2.9786605743852106
0.8044444444444445 0.1185174477508523 0.40662540824523924 -2.9757949869972498
0.8037037037037037 0.11933666677673731 0.40528886669020225 -2.97293221955813
0.802962962962963 0.12016600578349776 0.4039416263841139 -2.9700722752219573
0.8022222222222223 0.12100571289777871 0.4025834382651804 -2.9672151571479386
0.8014814814814815 0.1218560465001201 0.4012140430155804 -2.964360868500405
0.8007407407407408 0.12271727583344048 0.3998331704530758 -2.961509412448745
0.8 0.12358968165877611 0.3984405388750713 -2.958660792167568
0.7992592592592593 0.1244735569631902 0.39703585435094046 -2.9558150108365244
0.7985185185185185 0.12536920772458743 0.39561880995700194 -2.952972071640487
0.7977777777777778 0.12627695373954784 0.3941890849488144 -2.950131977769443
0.7970370370370371 0.12719712952031928 0.392746343864049 -2.9472947324186185
0.7962962962962963 0.1281300852684808 0.39129023554898373 -2.944460338788356
0.7955555555555556 0.12907618793315798 0.3898203921001987 -2.941628800084202
0.7948148148148149 0.13003582236310782 0.38833642771241816 -2.9388001195169577
0.7940740740740742 0.1310093925631411 0.3868379374221874 -2.935974300302618
0.7933333333333333 0.13199732306650785 0.38532449573544014 -2.933151345662411
0.7925925925925926 0.13300006043677873 0.38379565512572533 -2.9303312588227506
0.7918518518518519 0.13401807484278247 0.38225094429417034 -2.927514043109721
0.7911111111111111 0.13505186214625264 0.38068986672569244 -2.9246997015781737
0.7903703703703704 0.13610194548371438 0.3791118981632904 -2.9218882375587736
0.7896296296296297 0.137168877728797 0.3775164847614083 -2.919079654299135
0.788888888888889 0.1382532438541739 0.37590304057322016 -2.9162739550521852
0.7881481481481482 0.13935566362081978 0.37427094486138335 -2.9134711430761637
0.7874074074074074 0.1404767945647523 0.37261953911128604 -2.91067122163464
0.7866666666666667 0.1416173353225679 0.3709481237054809 -2.9078741939965376
0.7859259259259259 0.1427780293440347 0.36925595421112245 -2.9050800634361265
0.7851851851851852 0.14395966904825985 0.36754223722377255 -2.9022888332330474
0.7844444444444445 0.14516310049010211 0.36580612570098575 -2.899500506672319
0.7837037037037038 0.1463892286155827 0.3640467137068833 -2.896715087044356
0.782962962962963 0.14763902319990507 0.3622630304741439 -2.8939325776449767
0.7822222222222223 0.14891352557975265 0.3604540336716949 -2.891152981775414
0.7814814814814816 0.15021385631383663 0.35861860174414856 -2.888376302742331
0.7807407407407407 0.15154122393322456 0.3567555251614653 -2.8856025438578365
0.78 0.15289693497732604 0.35486349638299447 -2.882831708439487
0.7792592592592593 0.154282405554349 0.3529410982969683 -2.8800637998103094
0.7785185185185186 0.15569917471951636 0.3509867908423122 -2.877298821298809
0.7777777777777778 0.15714892003327696 0.34899889545041496 -2.8745367762389793
0.7770370370370371 0.158633475750445 0.3469755768560034 -2.8717776679703153
0.7762962962962964 0.16015485420573009 0.34491482171158755 -2.8690214998378307
0.7755555555555556 0.16171527111078413 0.3428144132904501 -2.8662682751920583
0.7748148148148148 0.1633171756749454 0.34067190136588565 -2.863517997389067
0.7740740740740741 0.16496328672473476 0.33848456609175087 -2.860770669790467
0.7733333333333333 0.16665663634473446 0.3362493743474767 -2.858026295766896
0.7725925925925926 0.16840062308852907 0.3339629265781566 -2.8552848786852416
0.7718518518518519 0.17019907735571235 0.3316213913469346 -2.8525464219265655
0.7711111111111112 0.17205634266300432 0.32922042410775476 -2.8498109288748763
0.7703703703703704 0.17397737769350974 0.32675506514580854 -2.8470784029197973
0.7696296296296297 0.1759678860625922 0.3242196098116112 -2.8443488474565948
0.768888888888889 0.17803448359343796 0.32160744124546453 -2.8416222658861794
0.7681481481481481 0.1801849172787133 0.3189108114157981 -2.838898661615117
0.7674074074074074 0.18242835691047435 0.3161205494892477 -2.836178038055649
0.7666666666666667 0.18477579124049354 0.31322566567034504 -2.8334603986256974
0.765925925925926 0.18724057849465267 0.3102128006871247 -2.8307457467488812
0.7651851851851852 0.18983923183567988 0.30706544032847993 -2.8280340858545214
0.7644444444444445 0.19259257540348035 0.30376275940157466 -2.825325419377887
0.7637037037037038 0.19552751014972727 0.3002778559037588 -2.8226197507595048
0.762962962962963 0.19867983591430965 0.2965749289382604 -2.819917083446038
0.7622222222222222 0.20209902322281323 0.292604506921091 -2.817217420889812
0.7614814814814815 0.20585688825242335 0.288294772614006 -2.81452076654894
0.7607407407407408 0.21006497028605448 0.2835341856701956 -2.8118271238873325
0.76 0.21491448457140927 0.27813152977912886 -2.8091364963745677
