0.0 0.0 -2.9224562305118127 -29.443126842185258 -29.444455732956328
0.01 0.031419068442742205 -2.92238564746195 -29.43458626732819 -29.444455732956328
0.02 0.06283813688548441 -2.922173886986571 -29.408977733735423 -29.444455732956328
0.03 0.09425720532822662 -2.9218209150985737 -29.366340782602602 -29.444455732956328
0.04 0.12567627377096882 -2.9213266751203246 -29.306741210222626 -29.444455732956328
0.05 0.15709534221371102 -2.9206910876348955 -29.230270909783055 -29.444455732956328
0.06 0.18851441065645325 -2.9199140504176455 -29.137047650575717 -29.444455732956328
0.07 0.21993347909919544 -2.9189954383480163 -29.02721479530826 -29.444455732956328
0.08 0.25135254754193764 -2.917935103301335 -28.900940956400785 -29.444455732956328
0.09 0.28277161598467987 -2.9167328740204193 -28.758419592339678 -29.444455732956328
0.1 0.31419068442742204 -2.915388555966688 -28.59986854534684 -29.444455732956328
0.11 0.34560975287016427 -2.913901931150472 -28.4255295218031 -29.444455732956328
0.12 0.3770288213129065 -2.912272757940157 -28.235667517040753 -29.444455732956328
0.13 0.40844788975564866 -2.9105007708497483 -28.030570186289474 -29.444455732956328
0.14 0.4398669581983909 -2.908585680304386 -27.810547163723573 -29.444455732956328
0.15 0.47128602664113306 -2.906527172383311 -27.57592933171454 -29.444455732956328
0.16 0.5027050950838753 -2.9043249085397003 -27.3270680425412 -29.444455732956328
0.17 0.5341241635266175 -2.901978525296766 -27.064334294950413 -29.444455732956328
0.18 0.5655432319693597 -2.899487633919416 -26.788117868092574 -29.444455732956328
0.19 0.5969623004121019 -2.896851820060755 -26.498826415478685 -29.444455732956328
0.2 0.6283813688548441 -2.8940706433826 -26.196884521718797 -29.444455732956328
0.21 0.6598004372975863 -2.8911436371491464 -25.88273272490438 -29.444455732956328
0.22 0.6912195057403285 -2.888070307792836 -25.556826507589943 -29.444455732956328
0.23 0.7226385741830708 -2.8848501344513973 -25.21963525941103 -29.444455732956328
0.24 0.754057642625813 -2.8814825684749534 -24.87164121444726 -29.444455732956328
0.25 0.7854767110685551 -2.877967032902011 -24.5133383664988 -29.444455732956328
0.26 0.8168957795112973 -2.8743029219030385 -24.14523136549371 -29.444455732956328
0.27 0.8483148479540396 -2.8704896001902505 -23.76783439828108 -29.444455732956328
0.28 0.8797339163967818 -2.8665264023921067 -23.3816700570908 -29.444455732956328
0.29 0.911152984839524 -2.862412632390919 -22.987268198955427 -29.444455732956328
0.3 0.9425720532822661 -2.8581475626218324 -22.585164799392576 -29.444455732956328
0.31 0.9739911217250083 -2.8537304333313163 -22.17590080363803 -29.444455732956328
0.32 1.0054101901677506 -2.8491604517931415 -21.760020978699792 -29.444455732956328
0.33 1.0368292586104928 -2.844436791479682 -21.338072769472678 -29.444455732956328
0.34 1.068248327053235 -2.8395585911861723 -20.91060516211103 -29.444455732956328
0.35000000000000003 1.0996673954959773 -2.834524954105375 -20.478167557804287 -29.444455732956328
0.36 1.1310864639387195 -2.829334946849901 -20.041308660037338 -29.444455732956328
0.37 1.1625055323814617 -2.823987598419161 -19.600575378343787 -29.444455732956328
0.38 1.1939246008242037 -2.818481899107685 -19.15651175147729 -29.444455732956328
0.39 1.225343669266946 -2.812816799351222 -18.70965789283334 -29.444455732956328
0.4 1.2567627377096882 -2.806991208506706 -18.260548960852134 -29.444455732956328
0.41000000000000003 1.2881818061524304 -2.8010039935617836 -17.809714157022686 -29.444455732956328
0.42 1.3196008745951726 -2.7948539777691535 -17.357675753990172 -29.444455732956328
0.43 1.3510199430379148 -2.788539939200483 -16.904948156142062 -29.444455732956328
0.44 1.382439011480657 -2.7820606092140796 -16.452036994915737 -29.444455732956328
0.45 1.4138580799233993 -2.775414670829837 -15.99943826093054 -29.444455732956328
0.46 1.4452771483661415 -2.768600757004215 -15.547637474901649 -29.444455732956328
0.47000000000000003 1.4766962168088837 -2.7616174487971334 -15.097108899142286 -29.444455732956328
0.48 1.508115285251626 -2.754463273421633 -14.648314791305214 -29.444455732956328
0.49 1.539534353694368 -2.7471367021659523 -14.20170470185488 -29.444455732956328
0.5 1.5709534221371102 -2.739636148176293 -13.75771481659835 -29.444455732956328
0.51 1.6023724905798524 -2.7319599640869043 -13.316767345437572 -29.444455732956328
0.52 1.6337915590225947 -2.724106439482213 -12.879269958337293 -29.444455732956328
0.53 1.6652106274653369 -2.7160737981734737 -12.445615269333805 -29.444455732956328
0.54 1.696629695908079 -2.70786019526978 -12.016180369239349 -29.444455732956328
0.55 1.7280487643508213 -2.699463714020175 -11.591326407526722 -29.444455732956328
0.56 1.7594678327935636 -2.6908823623999147 -11.171398223708822 -29.444455732956328
0.5700000000000001 1.7908869012363058 -2.6821140694096237 -10.756724028359281 -29.444455732956328
0.58 1.822305969679048 -2.6731566810509553 -10.347615133753301 -29.444455732956328
0.59 1.85372503812179 -2.664007955936299 -9.944365733943606 -29.444455732956328
0.6 1.8851441065645322 -2.654665560482899 -9.547252733924806 -29.444455732956328
0.61 1.9165631750072745 -2.645127063633222 -9.156535627381707 -29.444455732956328
0.62 1.9479822434500167 -2.635389931033272 -8.772456422363474 -29.444455732956328
0.63 1.979401311892759 -2.6254515185885117 -8.395239614076527 -29.444455732956328
0.64 2.010820380335501 -2.6153090653027005 -8.025092203845354 -29.444455732956328
0.65 2.0422394487782434 -2.604959685287863 -7.662203763152445 -29.444455732956328
0.66 2.0736585172209856 -2.5944003588131506 -7.3067465415366035 -29.444455732956328
0.67 2.105077585663728 -2.5836279222359706 -6.958875617003749 -29.444455732956328
0.68 2.13649665410647 -2.572639056629482 -6.618729087486022 -29.444455732956328
0.6900000000000001 2.1679157225492123 -2.5614302748854616 -6.286428301774205 -29.444455732956328
0.7000000000000001 2.1993347909919545 -2.5499979070293706 -5.962078128245179 -29.444455732956328
0.71 2.2307538594346967 -2.5383380834336045 -5.645767259611143 -29.444455732956328
0.72 2.262172927877439 -2.5264467155535755 -5.337568551830236 -29.444455732956328
0.73 2.293591996320181 -2.5143194737370145 -5.037539395239863 -29.444455732956328
0.74 2.3250110647629234 -2.5019517615667644 -4.745722115904236 -29.444455732956328
0.75 2.356430133205665 -2.4893386860876907 -4.462144405106651 -29.444455732956328
0.76 2.3878492016484074 -2.476475023134451 -4.186819774864946 -29.444455732956328
0.77 2.4192682700911496 -2.463355176812871 -3.919748037305623 -29.444455732956328
0.78 2.450687338533892 -2.449973131986037 -3.6609158056979014 -29.444455732956328
0.79 2.482106406976634 -2.4363223983672575 -3.4102970149240726 -29.444455732956328
0.8 2.5135254754193763 -2.4223959445134007 -3.1678534591463605 -29.444455732956328
0.81 2.5449445438621185 -2.408186119627544 -2.933535344423332 -29.444455732956328
0.8200000000000001 2.5763636123048608 -2.3936845605983486 -2.7072818540304673 -29.444455732956328
0.8300000000000001 2.607782680747603 -2.3788820810971787 -2.4890217242496613 -29.444455732956328
0.84 2.6392017491903452 -2.363768538785802 -2.2786738284110757 -29.444455732956328
0.85 2.6706208176330875 -2.348332675708015 -2.076147766997543 -29.444455732956328
0.86 2.7020398860758297 -2.332561925680589 -1.8813444616565191 -29.444455732956328
0.87 2.733458954518572 -2.316442180871155 -1.6941567510070186 -29.444455732956328
0.88 2.764878022961314 -2.299957507626512 -1.5144699861787845 -29.444455732956328
0.89 2.7962970914040564 -2.2830897988178815 -1.3421626240777822 -29.444455732956328
0.9 2.8277161598467986 -2.2658183462503563 -1.177106816435634 -29.444455732956328
0.91 2.859135228289541 -2.2481193116846963 -1.0191689927703609 -29.444455732956328
0.92 2.890554296732283 -2.2299650682213117 -0.8682104354615391 -29.444455732956328
0.93 2.9219733651750253 -2.211323374432064 -0.7240878452240289 -29.444455732956328
0.9400000000000001 2.9533924336177675 -2.1921563305446576 -0.5866538953506231 -29.444455732956328
0.9500000000000001 2.9848115020605097 -2.172419047427108 -0.45575777318464183 -29.444455732956328
0.96 3.016230570503252 -2.15205793234038 -0.3312457073782731 -29.444455732956328
0.97 3.0476496389459937 -2.131008456044078 -0.21296147959086456 -29.444455732956328
0.98 3.079068707388736 -2.1091922066860844 -0.10074691938287975 -29.444455732956328
0.99 3.110487775831478 -2.0865129449298765 0.005557618834597337 -29.444455732956328
1.0 3.1419068442742204 -2.062851231067085 0.10611279782869026 -29.444455732956328
1.01 3.1733259127169626 -2.0543438539769268 0.2010798594777925 -29.444455732956328
1.02 3.204744981159705 -2.032069788668515 0.2906202074257354 -29.444455732956328
1.03 3.236164049602447 -2.00920222824579 0.3748950111641971 -29.444455732956328
1.04 3.2675831180451893 -1.9857037100386712 0.45406483214061555 -29.444455732956328
1.05 3.2990021864879315 -1.9615310030490818 0.5282892723792855 -29.444455732956328
1.06 3.3304212549306738 -1.9366335312894547 0.5977266459945545 -29.444455732956328
1.07 3.361840323373416 -1.910951103157781 0.6625336738674541 -29.444455732956328
1.08 3.393259391816158 -1.884410478304388 0.7228652016512882 -29.444455732956328
1.09 3.4246784602589004 -1.8569198243788732 0.7788739411679119 -29.444455732956328
1.1 3.4560975287016427 -1.8283588788266742 0.8307102351552473 -29.444455732956328
1.11 3.487516597144385 -1.7985586281160355 0.8785218452282639 -29.444455732956328
1.12 3.518935665587127 -1.7672440565378154 0.9224537628206587 -29.444455732956328
1.1300000000000001 3.5503547340298693 -1.7337752637829003 0.9626480427830953 -29.444455732956328
1.1400000000000001 3.5817738024726116 -1.6979872231793183 0.9992436592264636 -29.444455732956328
1.1500000000000001 3.613192870915354 -1.660409615615201 1.0323763831155326 -29.444455732956328
1.16 3.644611939358096 -1.6215059954867943 1.0621786810397633 -29.444455732956328
1.17 3.6760310078008382 -1.5816708668443733 1.0887796345143277 -29.444455732956328
1.18 3.70745007624358 -1.5412391518941235 1.1123048790956427 -29.444455732956328
1.19 3.7388691446863223 -1.500494360772792 1.132876562532235 -29.444455732956328
1.2 3.7702882131290645 -1.4596756454219513 1.1506133211136826 -29.444455732956328
1.21 3.8017072815718067 -1.4189838937302723 1.1656302733278168 -29.444455732956328
1.22 3.833126350014549 -1.378586997492401 1.1780390298895136 -29.444455732956328
1.23 3.864545418457291 -1.3386244085157841 1.1879477191632442 -29.444455732956328
1.24 3.8959644869000334 -1.29921108086028 1.195461026966262 -29.444455732956328
1.25 3.9273835553427756 -1.2604408832739367 1.2006802497097528 -29.444455732956328
1.26 3.958802623785518 -1.222389554018309 1.203703359811676 -29.444455732956328
1.27 3.99022169222826 -1.185117260144068 1.2046250822971114 -29.444455732956328
1.28 4.021640760671002 -1.1486708146184876 1.2035369814898578 -29.444455732956328
1.29 4.053059829113744 -1.1130855972982419 1.2005275566925941 -29.444455732956328
1.3 4.084478897556487 -1.0783872193962591 1.1956823457520458 -29.444455732956328
1.31 4.1158979659992285 -1.0445929656518296 1.1890840354101846 -29.444455732956328
1.32 4.147317034441971 -1.0117130437448147 1.1808125773523666 -29.444455732956328
1.33 4.178736102884713 -0.9797516664843615 1.1709453088782713 -29.444455732956328
1.34 4.210155171327456 -0.9487079888538581 1.1595570771414156 -29.444455732956328
1.35 4.241574239770197 -0.9185769190255376 1.1467203659276055 -29.444455732956328
1.36 4.27299330821294 -0.8893498199008089 1.1325054239717272 -29.444455732956328
1.37 4.304412376655682 -0.8610151155272374 1.1169803938455833 -29.444455732956328
1.3800000000000001 4.3358314450984246 -0.8335588148399027 1.100211440486657 -29.444455732956328
1.3900000000000001 4.367250513541166 -0.806964963530912 1.082262878478597 -29.444455732956328
1.4000000000000001 4.398669581983909 -0.781216033429638 1.0631972972384474 -29.444455732956328
1.41 4.430088650426651 -0.7562932575466257 1.0430756833129873 -29.444455732956328
1.42 4.4615077188693935 -0.7321769178693998 1.0219575390365956 -29.444455732956328
1.43 4.492926787312135 -0.7088465920758388 0.9999009968555921 -29.444455732956328
1.44 4.524345855754878 -0.6862813645307236 0.9769629286786133 -29.444455732956328
1.45 4.55576492419762 -0.6644600062368505 0.9531990496689867 -29.444455732956328
1.46 4.587183992640362 -0.6433611278092546 0.9286640159529086 -29.444455732956328
1.47 4.618603061083104 -0.6229633090172515 0.9034115157762248 -29.444455732956328
1.48 4.650022129525847 -0.6032452079835817 0.8774943537023245 -29.444455732956328
1.49 4.681441197968589 -0.5841856527336905 0.8509645275039154 -29.444455732956328
1.5 4.71286026641133 -0.5657637174432829 0.8238732974617459 -29.444455732956328
1.51 4.744279334854073 -0.5479587854318808 0.796271247843542 -29.444455732956328
1.52 4.775698403296815 -0.5307506006883403 0.7682083403960728 -29.444455732956328
1.53 4.8071174717395575 -0.514119309486063 0.7397339597421204 -29.444455732956328
1.54 4.838536540182299 -0.4980454934465807 0.710896950631943 -29.444455732956328
1.55 4.869955608625042 -0.48251019523648775 0.6817456470552034 -29.444455732956328
1.56 4.901374677067784 -0.46749493793106095 0.6523278932741527 -29.444455732956328
1.57 4.932793745510526 -0.45298173894550325 0.6226910568917156 -29.444455732956328
1.58 4.964212813953268 -0.4389531193190669 0.5928820341189344 -29.444455732956328
1.59 4.995631882396011 -0.4253921090362483 0.5629472474546091 -29.444455732956328
1.6 5.027050950838753 -0.41228224898090027 0.5329326360358824 -29.444455732956328
1.61 5.058470019281495 -0.39960759004188484 0.5028836389615915 -29.444455732956328
1.62 5.089889087724237 -0.38735268982135884 0.4728451719304727 -29.444455732956328
1.6300000000000001 5.12130815616698 -0.37550260733773866 0.44286159757340593 -29.444455732956328
1.6400000000000001 5.1527272246097215 -0.36404289606374235 0.4129766898928687 -29.444455732956328
1.6500000000000001 5.184146293052464 -0.3529595955947439 0.3832335932533778 -29.444455732956328
1.6600000000000001 5.215565361495206 -0.3422392222031681 0.353674776393969 -29.444455732956328
1.67 5.246984429937949 -0.3318687585001088 0.3243419819574707 -29.444455732956328
1.68 5.2784034983806905 -0.32183564239514156 0.2952761720516126 -29.444455732956328
1.69 5.309822566823433 -0.31212775551889516 0.26651747037361045 -29.444455732956328
1.7 5.341241635266175 -0.3027334112498528 0.23810510144300565 -29.444455732956328
1.71 5.372660703708917 -0.29364134246668816 0.2100773274969934 -29.444455732956328
1.72 5.404079772151659 -0.2848406891298185 0.18247138360846857 -29.444455732956328
1.73 5.435498840594401 -0.2763209857804743 0.1553234115894479 -29.444455732956328
1.74 5.466917909037144 -0.268072149032161 0.12866839324151766 -29.444455732956328
1.75 5.498336977479886 -0.26008446511768496 0.10254008351062494 -29.444455732956328
1.76 5.529756045922628 -0.2523485775447135 0.07697094409583335 -29.444455732956328
1.77 5.56117511436537 -0.2448554749039607 0.05199207805091325 -29.444455732956328
1.78 5.592594182808113 -0.23759647886636376 0.027633165903740303 -29.444455732956328
1.79 5.6240132512508545 -0.23056323239890722 0.003922403801771783 -29.444455732956328
1.8 5.655432319693597 -0.22374768822292268 -0.019113555827661232 -29.444455732956328
1.81 5.686851388136339 -0.21714209753364927 -0.04144966063554126 -29.444455732956328
1.82 5.718270456579082 -0.2107389989954681 -0.06306251128564583 -29.444455732956328
1.83 5.749689525021823 -0.20453120802345218 -0.08393041054980693 -29.444455732956328
1.84 5.781108593464566 -0.19851180635861784 -0.1040334081771913 -29.444455732956328
1.85 5.812527661907308 -0.1926741319414622 -0.12335334118135828 -29.444455732956328
1.86 5.8439467303500505 -0.18701176908596495 -0.1418738692210695 -29.444455732956328
1.87 5.875365798792792 -0.1815185389541695 -0.15958050478434657 -29.444455732956328
1.8800000000000001 5.906784867235535 -0.17618849032969439 -0.17646063792008437 -29.444455732956328
1.8900000000000001 5.938203935678277 -0.17101589068701756 -0.19250355529720023 -29.444455732956328
1.9000000000000001 5.969623004121019 -0.16599521755209604 -0.20770045340782903 -29.444455732956328
1.9100000000000001 6.001042072563761 -0.16112115014878683 -0.2220444457680185 -29.444455732956328
1.92 6.032461141006504 -0.15638856132460816 -0.23553056400672603 -29.444455732956328
1.93 6.063880209449246 -0.15179250974858646 -0.24815575277127583 -29.444455732956328
1.94 6.095299277891987 -0.14732823237326037 -0.25991885841471346 -29.444455732956328
1.95 6.12671834633473 -0.14299113715232714 -0.27082061146741526 -29.444455732956328
1.96 6.158137414777472 -0.13877679600491338 -0.28086360293168544 -29.444455732956328
1.97 6.189556483220215 -0.13468093801700073 -0.29005225447372196 -29.444455732956328
1.98 6.220975551662956 -0.1306994428701316 -0.29839278262202995 -29.444455732956328
1.99 6.252394620105699 -0.1268283344871353 -0.30589315711496307 -29.444455732956328
2.0 6.283813688548441 -0.12306377488424503 -0.3125630535723822 -29.444455732956328
2.0100000000000002 6.3152327569911835 -0.11940205821859608 -0.3184138006972744 -29.444455732956328
2.02 6.346651825433925 -0.11583960501969467 -0.32345832224241877 -29.444455732956328
2.0300000000000002 6.378070893876668 -0.11237295659300686 -0.327711074004737 -29.444455732956328
2.04 6.40948996231941 -0.10899876958332132 -0.331187976135559 -29.444455732956328
2.05 6.440909030762152 -0.10571381068495618 -0.3339063410787319 -29.444455732956328
2.06 6.472328099204894 -0.10251495148520909 -0.33588479747004013 -29.444455732956328
2.07 6.503747167647637 -0.09939916342663424 -0.33714321035080064 -29.444455732956328
2.08 6.535166236090379 -0.0963635128727605 -0.3377025980656264 -29.444455732956328
2.09 6.566585304533121 -0.09340515626069676 -0.33758504622915797 -29.444455732956328
2.1 6.598004372975863 -0.09052133532264597 -0.33681361915901137 -29.444455732956328
2.11 6.629423441418606 -0.08770937235663422 -0.33541226918223777 -29.444455732956328
2.12 6.6608425098613475 -0.08496666552465662 -0.3334057442302117 -29.444455732956328
2.13 6.69226157830409 -0.08229068415389064 -0.33081949414205414 -29.444455732956328
2.14 6.723680646746832 -0.07967896401348896 -0.32767957609948417 -29.444455732956328
2.15 6.755099715189574 -0.07712910253562996 -0.3240125596163678 -29.444455732956328
2.16 6.786518783632316 -0.07463875394476639 -0.31984543150423883 -29.444455732956328
2.17 6.817937852075058 -0.07220562425317549 -0.3152055012307611 -29.444455732956328
2.18 6.849356920517801 -0.06982746607365395 -0.3101203070815432 -29.444455732956328
2.19 6.880775988960543 -0.06750207319116555 -0.3046175235269508 -29.444455732956328
2.2 6.912195057403285 -0.0652272748239094 -0.29872487018470584 -29.444455732956328
2.21 6.943614125846027 -0.06300092948999797 -0.29247002275617673 -29.444455732956328
2.22 6.97503319428877 -0.06082091837780723 -0.2858805262994859 -29.444455732956328
2.23 7.006452262731512 -0.058685138094923116 -0.2789837111859573 -29.444455732956328
2.24 7.037871331174254 -0.056591492640820404 -0.2718066120681605 -29.444455732956328
2.25 7.069290399616996 -0.05453788440977845 -0.26437589016798724 -29.444455732956328
2.2600000000000002 7.100709468059739 -0.05252220397996576 -0.25671775917193923 -29.444455732956328
2.27 7.1321285365024805 -0.050542318377813374 -0.24885791499830304 -29.444455732956328
2.2800000000000002 7.163547604945223 -0.048596057417583105 -0.24082146967720316 -29.444455732956328
2.29 7.194966673387965 -0.04668119759559355 -0.23263288955993028 -29.444455732956328
2.3000000000000003 7.226385741830708 -0.044795442853924304 -0.2243159380484071 -29.444455732956328
2.31 7.257804810273449 -0.04293640130036758 -0.2158936230095852 -29.444455732956328
2.32 7.289223878716192 -0.0411015566508304 -0.20738814901283453 -29.444455732956328
2.33 7.320642947158934 -0.03928823270252423 -0.19882087450140234 -29.444455732956328
2.34 7.3520620156016765 -0.037493548480603 -0.19021227398179388 -29.444455732956328
2.35 7.383481084044418 -0.03571436071396985 -0.18158190528760332 -29.444455732956328
2.36 7.41490015248716 -0.0339471888004089 -0.17294838194722464 -29.444455732956328
2.37 7.446319220929903 -0.03218811509871076 -0.16432935065789314 -29.444455732956328
2.38 7.4777382893726445 -0.030432649677762748 -0.15574147384204415 -29.444455732956328
2.39 7.509157357815387 -0.028675542544187055 -0.14720041723598556 -29.444455732956328
2.4 7.540576426258129 -0.026910515935882784 -0.13872084243562566 -29.444455732956328
2.41 7.571995494700872 -0.02512987067951234 -0.1303164042995199 -29.444455732956328
2.42 7.603414563143613 -0.02332388580875995 -0.12199975308600064 -29.444455732956328
2.43 7.634833631586356 -0.021479861502337088 -0.11378254117867613 -29.444455732956328
2.44 7.666252700029098 -0.019580507703120538 -0.1056754342333221 -29.444455732956328
2.45 7.6976717684718405 -0.01760103513779374 -0.09768812655915503 -29.444455732956328
2.46 7.729090836914582 -0.015503394702303152 -0.08982936052884166 -29.444455732956328
2.47 7.760509905357325 -0.013223287864134368 -0.08210694979439985 -29.444455732956328
2.48 7.791928973800067 -0.010634423680192602 -0.07452780607047363 -29.444455732956328
2.49 7.823348042242809 -0.007407248613003015 -0.06709796923239068 -29.444455732956328
2.5 7.854767110685551 0.0 -0.059822640463964946 -29.444455732956328
2.5100000000000002 7.886186179128294 0 -0.05270621817928847 -29.444455732956328
2.52 7.917605247571036 0 -0.04575233643371326 -29.444455732956328
2.5300000000000002 7.949024316013778 0 -0.038963905531975464 -29.444455732956328
2.54 7.98044338445652 0 -0.032343154535917004 -29.444455732956328
2.5500000000000003 8.011862452899262 0 -0.025891675370507548 -29.444455732956328
2.56 8.043281521342005 0 -0.019610468224928193 -29.444455732956328
2.57 8.074700589784747 0 -0.013499987945241482 -29.444455732956328
2.58 8.106119658227488 0 -0.007560191116653124 -29.444455732956328
2.59 8.13753872667023 0 -0.00179058353660711 -29.444455732956328
2.6 8.168957795112973 0 0.003809732215283993 -29.444455732956328
2.61 8.200376863555716 0 0.009242009397998178 -29.444455732956328
2.62 8.231795931998457 0 0.014507810200191625 -29.444455732956328
2.63 8.2632150004412 0 0.01960895957180145 -29.444455732956328
2.64 8.294634068883942 0 0.024547500055620293 -29.444455732956328
2.65 8.326053137326685 0 0.02932564786619045 -29.444455732956328
2.66 8.357472205769426 0 0.033945750450096325 -29.444455732956328
2.67 8.388891274212169 0 0.03841024574732987 -29.444455732956328
2.68 8.420310342654911 0 0.042721623358005424 -29.444455732956328
2.69 8.451729411097654 0 0.046882387802368024 -29.444455732956328
2.7 8.483148479540395 0 0.05089502404493428 -29.444455732956328
2.71 8.514567547983138 0 0.054761965435802716 -29.444455732956328
2.72 8.54598661642588 0 0.05848556420378344 -29.444455732956328
2.73 8.577405684868623 0 0.06206806461716603 -29.444455732956328
2.74 8.608824753311364 0 0.06551157890877182 -29.444455732956328
2.75 8.640243821754106 0 0.0688180660425216 -29.444455732956328
2.7600000000000002 8.671662890196849 0 0.0719893133792489 -29.444455732956328
2.77 8.703081958639592 0 0.07502692127997763 -29.444455732956328
2.7800000000000002 8.734501027082333 0 0.07793229066550526 -29.444455732956328
2.79 8.765920095525075 0 0.08070661353197059 -29.444455732956328
2.8000000000000003 8.797339163967818 0 0.08335086640328475 -29.444455732956328
2.81 8.828758232410559 0 0.08586580668293463 -29.444455732956328
2.82 8.860177300853302 0 0.08825197184984869 -29.444455732956328
2.83 8.891596369296044 0 0.090509681425841 -29.444455732956328
2.84 8.923015437738787 0 0.09263904162571411 -29.444455732956328
2.85 8.954434506181528 0 0.09463995258547726 -29.444455732956328
2.86 8.98585357462427 0 0.09651211804941781 -29.444455732956328
2.87 9.017272643067013 0 0.09825505738303039 -29.444455732956328
2.88 9.048691711509756 0 0.09986811976608624 -29.444455732956328
2.89 9.080110779952497 0 0.10135050040854872 -29.444455732956328
2.9 9.11152984839524 0 0.10270125862156525 -29.444455732956328
2.91 9.142948916837982 0 0.1039193375665371 -29.444455732956328
2.92 9.174367985280725 0 0.10500358549725228 -29.444455732956328
2.93 9.205787053723466 0 0.10595277830330717 -29.444455732956328
2.94 9.237206122166208 0 0.10676564315759784 -29.444455732956328
2.95 9.268625190608951 0 0.10744088306649992 -29.444455732956328
2.96 9.300044259051694 0 0.10797720211850399 -29.444455732956328
2.97 9.331463327494435 0 0.10837333122554589 -29.444455732956328
2.98 9.362882395937177 0 0.10862805415100506 -29.444455732956328
2.99 9.39430146437992 0 0.10874023361940886 -29.444455732956328
3.0 9.42572053282266 0 0.10870883730515882 -29.444455732956328
3.0100000000000002 9.457139601265403 0 0.10853296350112353 -29.444455732956328
3.02 9.488558669708146 0 0.10821186627265748 -29.444455732956328
3.0300000000000002 9.519977738150889 0 0.10774497990843973 -29.444455732956328
3.04 9.55139680659363 0 0.10713194248652917 -29.444455732956328
3.0500000000000003 9.582815875036372 0 0.10637261838193449 -29.444455732956328
3.06 9.614234943479115 0 0.10546711955104768 -29.444455732956328
3.0700000000000003 9.645654011921858 0 0.10441582543809694 -29.444455732956328
3.08 9.677073080364599 0 0.10321940135952509 -29.444455732956328
3.09 9.708492148807341 0 0.10187881523363777 -29.444455732956328
3.1 9.739911217250084 0 0.1003953525350524 -29.444455732956328
3.11 9.771330285692827 0 0.09877062936621364 -29.444455732956328
3.12 9.802749354135567 0 0.0970066035515261 -29.444455732956328
3.13 9.83416842257831 0 0.09510558367335677 -29.444455732956328
3.14 9.865587491021053 0 0.0930702359832074 -29.444455732956328
3.15 9.897006559463795 0 0.0909035891356751 -29.444455732956328
3.16 9.928425627906536 0 0.08860903670724542 -29.444455732956328
3.17 9.959844696349279 0 0.08619033747655885 -29.444455732956328
3.18 9.991263764792022 0 0.08365161345728621 -29.444455732956328
3.19 10.022682833234764 0 0.0809973456891773 -29.444455732956328
3.2 10.054101901677505 0 0.0782323678071116 -29.444455732956328
3.21 10.085520970120248 0 0.07536185742192644 -29.444455732956328
3.22 10.11694003856299 0 0.07239132536044836 -29.444455732956328
3.23 10.148359107005732 0 0.06932660282531092 -29.444455732956328
3.24 10.179778175448474 0 0.06617382654786348 -29.444455732956328
3.25 10.211197243891217 0 0.06293942201956991 -29.444455732956328
3.2600000000000002 10.24261631233396 0 0.05963008489877053 -29.444455732956328
3.27 10.2740353807767 0 0.05625276070046421 -29.444455732956328
3.2800000000000002 10.305454449219443 0 0.05281462288675254 -29.444455732956328
3.29 10.336873517662186 0 0.049323049484809554 -29.444455732956328
3.3000000000000003 10.368292586104928 0 0.04578559836757379 -29.444455732956328
3.31 10.39971165454767 0 0.04220998133978327 -29.444455732956328
3.3200000000000003 10.431130722990412 0 0.03860403717850074 -29.444455732956328
3.33 10.462549791433155 0 0.03497570378281127 -29.444455732956328
3.34 10.493968859875897 0 0.03133298959192563 -29.444455732956328
3.35 10.525387928318638 0 0.02768394443447808 -29.444455732956328
3.36 10.556806996761381 0 0.0240366299743434 -29.444455732956328
3.37 10.588226065204124 0 0.02039908991983764 -29.444455732956328
3.38 10.619645133646866 0 0.016779320163614896 -29.444455732956328
3.39 10.651064202089607 0 0.013185239020143086 -29.444455732956328
3.4 10.68248327053235 0 0.009624657726057586 -29.444455732956328
3.41 10.713902338975092 0 0.006105251366272003 -29.444455732956328
3.42 10.745321407417833 0 0.002634530385251312 -29.444455732956328
3.43 10.776740475860576 0 -0.000780187161489089 -29.444455732956328
3.44 10.808159544303319 0 -0.004131802465830131 -29.444455732956328
3.45 10.839578612746061 0 -0.007413461791728112 -29.444455732956328
3.46 10.870997681188802 0 -0.010618581129276574 -29.444455732956328
3.47 10.902416749631545 0 -0.013740869548979375 -29.444455732956328
3.48 10.933835818074288 0 -0.01677435113536916 -29.444455732956328
3.49 10.96525488651703 0 -0.019713385388131877 -29.444455732956328
3.5 10.996673954959771 0 -0.022552685988458984 -29.444455732956328
3.5100000000000002 11.028093023402514 0 -0.025287337838408905 -29.444455732956328
3.52 11.059512091845257 0 -0.02791281229167199 -29.444455732956328
3.5300000000000002 11.090931160288 0 -0.03042498050500142 -29.444455732956328
3.54 11.12235022873074 0 -0.03282012485087555 -29.444455732956328
3.5500000000000003 11.153769297173483 0 -0.03509494834344398 -29.444455732956328
3.56 11.185188365616225 0 -0.03724658204148862 -29.444455732956328
3.5700000000000003 11.216607434058968 0 -0.039272590403934146 -29.444455732956328
3.58 11.248026502501709 0 -0.04117097458526825 -29.444455732956328
3.59 11.279445570944452 0 -0.042940173670013536 -29.444455732956328
3.6 11.310864639387194 0 -0.04457906385710657 -29.444455732956328
3.61 11.342283707829937 0 -0.04608695561653551 -29.444455732956328
3.62 11.373702776272678 0 -0.04746358885188832 -29.444455732956328
3.63 11.40512184471542 0 -0.04870912611342986 -29.444455732956328
3.64 11.436540913158163 0 -0.0498241439169484 -29.444455732956328
3.65 11.467959981600904 0 -0.05080962223379779 -29.444455732956328
3.66 11.499379050043647 0 -0.051666932227277515 -29.444455732956328
3.67 11.53079811848639 0 -0.052397822319664666 -29.444455732956328
3.68 11.562217186929132 0 -0.053004402682817905 -29.444455732956328
3.69 11.593636255371873 0 -0.05348912825324339 -29.444455732956328
3.7 11.625055323814616 0 -0.05385478037979802 -29.444455732956328
3.71 11.656474392257358 0 -0.05410444721884307 -29.444455732956328
3.72 11.687893460700101 0 -0.0542415029974882 -29.444455732956328
3.73 11.719312529142842 0 -0.05426958627066684 -29.444455732956328
3.74 11.750731597585585 0 -0.054192577302163036 -29.444455732956328
3.75 11.782150666028327 0 -0.05401457470311114 -29.444455732956328
3.7600000000000002 11.81356973447107 0 -0.05373987146429741 -29.444455732956328
3.77 11.84498880291381 0 -0.05337293052038291 -29.444455732956328
3.7800000000000002 11.876407871356554 0 -0.0529183599852749 -29.444455732956328
3.79 11.907826939799296 0 -0.05238088819804207 -29.444455732956328
3.8000000000000003 11.939246008242039 0 -0.05176533871821983 -29.444455732956328
3.81 11.97066507668478 0 -0.05107660540792564 -29.444455732956328
3.8200000000000003 12.002084145127522 0 -0.05031962773602045 -29.444455732956328
3.83 12.033503213570265 0 -0.049499366436606546 -29.444455732956328
3.84 12.064922282013008 0 -0.048620779650424197 -29.444455732956328
3.85 12.096341350455749 0 -0.047688799673362335 -29.444455732956328
3.86 12.127760418898491 0 -0.046708310431095336 -29.444455732956328
3.87 12.159179487341234 0 -0.045684125793258035 -29.444455732956328
3.88 12.190598555783975 0 -0.04462096883412379 -29.444455732956328
3.89 12.222017624226718 0 -0.04352345213991795 -29.444455732956328
3.9 12.25343669266946 0 -0.04239605925547199 -29.444455732956328
3.91 12.284855761112203 0 -0.041243127355059334 -29.444455732956328
3.92 12.316274829554944 0 -0.04006883121397562 -29.444455732956328
3.93 12.347693897997686 0 -0.03887716854878374 -29.444455732956328
3.94 12.37911296644043 0 -0.037671946785216605 -29.444455732956328
3.95 12.410532034883172 0 -0.03645677130353162 -29.444455732956328
3.96 12.441951103325913 0 -0.035235035201742544 -29.444455732956328
3.97 12.473370171768655 0 -0.034009910607647915 -29.444455732956328
3.98 12.504789240211398 0 -0.03278434156100141 -29.444455732956328
3.99 12.53620830865414 0 -0.031561038477549194 -29.444455732956328
4.0 12.567627377096882 0 -0.030342474197143376 -29.444455732956328
4.01 12.599046445539624 0 -0.029130881608643282 -29.444455732956328
4.0200000000000005 12.630465513982367 0 -0.02792825283504372 -29.444455732956328
4.03 12.66188458242511 0 -0.026736339953159497 -29.444455732956328
4.04 12.69330365086785 0 -0.025556657213350716 -29.444455732956328
4.05 12.724722719310593 0 -0.024390484716266814 -29.444455732956328
4.0600000000000005 12.756141787753336 0 -0.023238873495395572 -29.444455732956328
4.07 12.787560856196077 0 -0.02210265194643546 -29.444455732956328
4.08 12.81897992463882 0 -0.020982433537216696 -29.444455732956328
4.09 12.850398993081562 0 -0.01987862572499108 -29.444455732956328
4.1 12.881818061524305 0 -0.018791440001661296 -29.444455732956328
4.11 12.913237129967046 0 -0.017720902981702265 -29.444455732956328
4.12 12.944656198409788 0 -0.016666868442349922 -29.444455732956328
4.13 12.976075266852531 0 -0.015629030221057768 -29.444455732956328
4.14 13.007494335295274 0 -0.014606935871265528 -29.444455732956328
4.15 13.038913403738015 0 -0.013600000974187511 -29.444455732956328
4.16 13.070332472180757 0 -0.012607524001721585 -29.444455732956328
4.17 13.1017515406235 0 -0.011628701623543923 -29.444455732956328
4.18 13.133170609066243 0 -0.010662644350174605 -29.444455732956328
4.19 13.164589677508983 0 -0.009708392403133903 -29.444455732956328
4.2 13.196008745951726 0 -0.008764931703371259 -29.444455732956328
4.21 13.227427814394469 0 -0.007831209869786342 -29.444455732956328
4.22 13.258846882837211 0 -0.00690615212106213 -29.444455732956328
4.23 13.290265951279952 0 -0.005988676975979425 -29.444455732956328
4.24 13.321685019722695 0 -0.005077711649986933 -29.444455732956328
4.25 13.353104088165438 0 -0.00417220704900375 -29.444455732956328
4.26 13.38452315660818 0 -0.0032711522652010385 -29.444455732956328
4.2700000000000005 13.415942225050921 0 -0.0023735884838209874 -29.444455732956328
4.28 13.447361293493664 0 -0.0014786222149099522 -29.444455732956328
4.29 13.478780361936407 0 -0.0005854377691614927 -29.444455732956328
4.3 13.510199430379148 0 0.00030669109720900093 -29.444455732956328
4.3100000000000005 13.54161849882189 0 0.0011983904374809804 -29.444455732956328
4.32 13.573037567264633 0 0.0020901763317608354 -29.444455732956328
4.33 13.604456635707376 0 0.0029824461222118575 -29.444455732956328
4.34 13.635875704150116 0 0.003875470714696515 -29.444455732956328
4.3500000000000005 13.667294772592859 0 0.004769387988009674 -29.444455732956328
4.36 13.698713841035602 0 0.005664197344351565 -29.444455732956328
4.37 13.730132909478344 0 0.006559755427104634 -29.444455732956328
4.38 13.761551977921085 0 0.007455773024198785 -29.444455732956328
4.39 13.792971046363828 0 0.008351813167628643 -29.444455732956328
4.4 13.82439011480657 0 0.009247290431916771 -29.444455732956328
4.41 13.855809183249313 0 0.010141471426614094 -29.444455732956328
4.42 13.887228251692054 0 0.011033476470367641 -29.444455732956328
4.43 13.918647320134797 0 0.01192228242658998 -29.444455732956328
4.44 13.95006638857754 0 0.012806726673576964 -29.444455732956328
4.45 13.981485457020282 0 0.013685512174842734 -29.444455732956328
4.46 14.012904525463023 0 0.014557213608737924 -29.444455732956328
4.47 14.044323593905766 0 0.015420284509975863 -29.444455732956328
4.48 14.075742662348508 0 0.01627306536961124 -29.444455732956328
4.49 14.10716173079125 0 0.017113792634324342 -29.444455732956328
4.5 14.138580799233992 0 0.01794060854059085 -29.444455732956328
4.51 14.169999867676735 0 0.018751571714469027 -29.444455732956328
4.5200000000000005 14.201418936119477 0 0.01954466846338629 -29.444455732956328
4.53 14.232838004562218 0 0.02031782468242805 -29.444455732956328
4.54 14.264257073004961 0 0.02106891829425691 -29.444455732956328
4.55 14.295676141447704 0 0.021795792138991035 -29.444455732956328
4.5600000000000005 14.327095209890446 0 0.022496267228029967 -29.444455732956328
4.57 14.358514278333187 0 0.02316815627411277 -29.444455732956328
4.58 14.38993334677593 0 0.023809277408684226 -29.444455732956328
4.59 14.421352415218673 0 0.024417467997019677 -29.444455732956328
4.6000000000000005 14.452771483661415 0 0.0249905984614757 -29.444455732956328
4.61 14.484190552104156 0 0.025526586023750162 -29.444455732956328
4.62 14.515609620546899 0 0.02602340827801287 -29.444455732956328
4.63 14.547028688989641 0 0.02647911650835987 -29.444455732956328
4.64 14.578447757432384 0 0.02689184866613027 -29.444455732956328
4.65 14.609866825875125 0 0.02725984192519236 -29.444455732956328
4.66 14.641285894317868 0 0.027581444736400222 -29.444455732956328
4.67 14.67270496276061 0 0.027855128305928775 -29.444455732956328
4.68 14.704124031203353 0 0.028079497426199675 -29.444455732956328
4.69 14.735543099646094 0 0.02825330059246045 -29.444455732956328
4.7 14.766962168088837 0 0.028375439342854306 -29.444455732956328
4.71 14.79838123653158 0 0.028444976764926255 -29.444455732956328
4.72 14.82980030497432 0 0.02846114511692151 -29.444455732956328
4.73 14.861219373417063 0 0.02842335251793837 -29.444455732956328
4.74 14.892638441859805 0 0.028331188666936038 -29.444455732956328
4.75 14.924057510302548 0 0.028184429556745567 -29.444455732956328
4.76 14.955476578745289 0 0.027983041155529197 -29.444455732956328
4.7700000000000005 14.986895647188032 0 0.02772718203458023 -29.444455732956328
4.78 15.018314715630774 0 0.027417204927866375 -29.444455732956328
4.79 15.049733784073517 0 0.02705365721528697 -29.444455732956328
4.8 15.081152852516258 0 0.02663728032817676 -29.444455732956328
4.8100000000000005 15.112571920959 0 0.026169008082129713 -29.444455732956328
4.82 15.143990989401743 0 0.025649963948668152 -29.444455732956328
4.83 15.175410057844486 0 0.025081457283635308 -29.444455732956328
4.84 15.206829126287227 0 0.024464978536378544 -29.444455732956328
4.8500000000000005 15.23824819472997 0 0.02380219346979189 -29.444455732956328
4.86 15.269667263172712 0 0.023094936427097514 -29.444455732956328
4.87 15.301086331615455 0 0.022345202686743636 -29.444455732956328
4.88 15.332505400058196 0 0.021555139952062454 -29.444455732956328
4.89 15.363924468500938 0 0.020727039027243595 -29.444455732956328
4.9 15.395343536943681 0 0.019863323735786656 -29.444455732956328
4.91 15.426762605386422 0 0.01896654014176707 -29.444455732956328
4.92 15.458181673829165 0 0.01803934513811829 -29.444455732956328
4.93 15.489600742271907 0 0.017084494469506706 -29.444455732956328
4.94 15.52101981071465 0 0.016104830260372405 -29.444455732956328
4.95 15.55243887915739 0 0.015103268121249009 -29.444455732956328
4.96 15.583857947600134 0 0.01408278390853127 -29.444455732956328
4.97 15.615277016042876 0 0.013046400214493005 -29.444455732956328
4.98 15.646696084485619 0 0.011997172665500287 -29.444455732956328
4.99 15.67811515292836 0 0.01093817610700783 -29.444455732956328
5.0 15.709534221371102 0 0.009872490754125964 -29.444455732956328
5.01 15.740953289813845 0 0.008803188386286787 -29.444455732956328
5.0200000000000005 15.772372358256588 0 0.007733318663731012 -29.444455732956328
5.03 15.803791426699329 0 0.006665895642372932 -29.444455732956328
5.04 15.835210495142071 0 0.005603884561907071 -29.444455732956328
5.05 15.866629563584814 0 0.004550188979934541 -29.444455732956328
5.0600000000000005 15.898048632027557 0 0.0035076383223582685 -29.444455732956328
5.07 15.929467700470298 0 0.002478975917375109 -29.444455732956328
5.08 15.96088676891304 0 0.0014668475770866498 -29.444455732956328
5.09 15.992305837355783 0 0.0004737907870893262 -29.444455732956328
5.1000000000000005 16.023724905798524 0 -0.0004977754395993246 -29.444455732956328
5.11 16.05514397424127 0 -0.0014455599922311019 -29.444455732956328
5.12 16.08656304268401 0 -0.0023674083281499565 -29.444455732956328
5.13 16.11798211112675 0 -0.003261310332158202 -29.444455732956328
5.14 16.149401179569495 0 -0.004125407331799425 -29.444455732956328
5.15 16.180820248012235 0 -0.004957998236273563 -29.444455732956328
5.16 16.212239316454976 0 -0.005757544772030961 -29.444455732956328
5.17 16.24365838489772 0 -0.006522675793623625 -29.444455732956328
5.18 16.27507745334046 0 -0.007252190654019678 -29.444455732956328
5.19 16.306496521783206 0 -0.007945061624199112 -29.444455732956328
5.2 16.337915590225947 0 -0.008600435357572819 -29.444455732956328
5.21 16.369334658668688 0 -0.009217633400372984 -29.444455732956328
5.22 16.400753727111432 0 -0.009796151754808136 -29.444455732956328
5.23 16.432172795554173 0 -0.010335659507279202 -29.444455732956328
5.24 16.463591863996914 0 -0.010835996539352431 -29.444455732956328
5.25 16.49501093243966 0 -0.011297170344462771 -29.444455732956328
5.26 16.5264300008824 0 -0.011719351978379403 -29.444455732956328
5.2700000000000005 16.557849069325144 0 -0.01210287117634569 -29.444455732956328
5.28 16.589268137767885 0 -0.012448210674433517 -29.444455732956328
5.29 16.620687206210626 0 -0.012755999777036483 -29.444455732956328
5.3 16.65210627465337 0 -0.013027007216492373 -29.444455732956328
5.3100000000000005 16.68352534309611 0 -0.013262133354624976 -29.444455732956328
5.32 16.714944411538852 0 -0.013462401779431766 -29.444455732956328
5.33 16.746363479981596 0 -0.013628950353238495 -29.444455732956328
5.34 16.777782548424337 0 -0.013763021771396976 -29.444455732956328
5.3500000000000005 16.809201616867078 0 -0.01386595369294825 -29.444455732956328
5.36 16.840620685309823 0 -0.013939168506655407 -29.444455732956328
5.37 16.872039753752563 0 -0.013984162797368619 -29.444455732956328
5.38 16.903458822195308 0 -0.014002496578877111 -29.444455732956328
5.39 16.93487789063805 0 -0.013995782360152385 -29.444455732956328
5.4 16.96629695908079 0 -0.013965674112236594 -29.444455732956328
5.41 16.997716027523534 0 -0.01391385620299026 -29.444455732956328
5.42 17.029135095966275 0 -0.013842032366433369 -29.444455732956328
5.43 17.060554164409016 0 -0.013751914772575197 -29.444455732956328
5.44 17.09197323285176 0 -0.013645213262363228 -29.444455732956328
5.45 17.1233923012945 0 -0.013523624810757213 -29.444455732956328
5.46 17.154811369737246 0 -0.01338882327894085 -29.444455732956328
5.47 17.186230438179987 0 -0.013242449514323407 -29.444455732956328
5.48 17.217649506622728 0 -0.013086101854303875 -29.444455732956328
5.49 17.249068575065472 0 -0.012921327086776421 -29.444455732956328
5.5 17.280487643508213 0 -0.012749611917039834 -29.444455732956328
5.51 17.311906711950954 0 -0.01257237498720356 -29.444455732956328
5.5200000000000005 17.343325780393698 0 -0.012390959490388603 -29.444455732956328
5.53 17.37474484883644 0 -0.012206626417917942 -29.444455732956328
5.54 17.406163917279184 0 -0.01202054847350902 -29.444455732956328
5.55 17.437582985721924 0 -0.01183380468400763 -29.444455732956328
5.5600000000000005 17.469002054164665 0 -0.011647375731671263 -29.444455732956328
5.57 17.50042112260741 0 -0.01146214002832582 -29.444455732956328
5.58 17.53184019105015 0 -0.011278870546949739 -29.444455732956328
5.59 17.56325925949289 0 -0.011098232421442141 -29.444455732956328
5.6000000000000005 17.594678327935636 0 -0.01092078132045176 -29.444455732956328
5.61 17.626097396378377 0 -0.01074696259634119 -29.444455732956328
5.62 17.657516464821118 0 -0.010577111205532914 -29.444455732956328
5.63 17.688935533263862 0 -0.0104114523917295 -29.444455732956328
5.64 17.720354601706603 0 -0.010250103118872958 -29.444455732956328
5.65 17.751773670149348 0 -0.01009307423613238 -29.444455732956328
5.66 17.78319273859209 0 -0.009940273352857383 -29.444455732956328
5.67 17.81461180703483 0 -0.009791508397168525 -29.444455732956328
5.68 17.846030875477574 0 -0.009646491827872698 -29.444455732956328
5.69 17.877449943920315 0 -0.009504845465534003 -29.444455732956328
5.7 17.908869012363056 0 -0.0093661059050193 -29.444455732956328
5.71 17.9402880808058 0 -0.009229730468441057 -29.444455732956328
5.72 17.97170714924854 0 -0.00909510365449847 -29.444455732956328
5.73 18.003126217691285 0 -0.008961544037368393 -29.444455732956328
5.74 18.034545286134026 0 -0.008828311565945806 -29.444455732956328
5.75 18.065964354576767 0 -0.008694615212090777 -29.444455732956328
5.76 18.09738342301951 0 -0.008559620914766778 -29.444455732956328
5.7700000000000005 18.128802491462253 0 -0.008422459765522498 -29.444455732956328
5.78 18.160221559904993 0 -0.008282236379687358 -29.444455732956328
5.79 18.191640628347738 0 -0.008138037396893815 -29.444455732956328
5.8 18.22305969679048 0 -0.007988940054179647 -29.444455732956328
5.8100000000000005 18.25447876523322 0 -0.007834020774868795 -29.444455732956328
5.82 18.285897833675964 0 -0.007672363716757541 -29.444455732956328
5.83 18.317316902118705 0 -0.007503069223817551 -29.444455732956328
5.84 18.34873597056145 0 -0.007325262126584112 -29.444455732956328
5.8500000000000005 18.38015503900419 0 -0.0071380998377848556 -29.444455732956328
5.86 18.41157410744693 0 -0.0069407801913923565 -29.444455732956328
5.87 18.442993175889676 0 -0.00673254897525599 -29.444455732956328
5.88 18.474412244332417 0 -0.006512707109727339 -29.444455732956328
5.89 18.505831312775157 0 -0.00628061742723768 -29.444455732956328
5.9 18.537250381217902 0 -0.006035711010578148 -29.444455732956328
5.91 18.568669449660643 0 -0.005777493050675065 -29.444455732956328
5.92 18.600088518103387 0 -0.005505548187921093 -29.444455732956328
5.93 18.631507586546128 0 -0.005219545304584942 -29.444455732956328
5.94 18.66292665498887 0 -0.004919241739465933 -29.444455732956328
5.95 18.694345723431613 0 -0.004604486899742943 -29.444455732956328
5.96 18.725764791874354 0 -0.004275225248922956 -29.444455732956328
5.97 18.757183860317095 0 -0.003931498653792049 -29.444455732956328
5.98 18.78860292875984 0 -0.003573448077418382 -29.444455732956328
5.99 18.82002199720258 0 -0.003201314609379479 -29.444455732956328
6.0 18.85144106564532 0 -0.002815439828642394 -29.444455732956328
6.01 18.882860134088066 0 -0.002416265498658601 -29.444455732956328
6.0200000000000005 18.914279202530807 0 -0.002004332598453052 -29.444455732956328
6.03 18.94569827097355 0 -0.0015802796975983593 -29.444455732956328
6.04 18.977117339416292 0 -0.0011448406870163286 -29.444455732956328
6.05 19.008536407859033 0 -0.0006988418815217243 -29.444455732956328
6.0600000000000005 19.039955476301778 0 -0.0002431985138101391 -29.444455732956328
6.07 19.07137454474452 0 0.0002210893566476001 -29.444455732956328
6.08 19.10279361318726 0 0.0006929414928767205 -29.444455732956328
6.09 19.134212681630004 0 0.001171202657548048 -29.444455732956328
6.1000000000000005 19.165631750072745 0 0.0016546482845797206 -29.444455732956328
6.11 19.19705081851549 0 0.0021419906088617773 -29.444455732956328
6.12 19.22846988695823 0 0.0026318852151084584 -29.444455732956328
6.13 19.25988895540097 0 0.0031229379644199984 -29.444455732956328
6.140000000000001 19.291308023843715 0 0.0036137122549941203 -29.444455732956328
6.15 19.322727092286456 0 0.0041027365715529465 -29.444455732956328
6.16 19.354146160729197 0 0.004588512276475598 -29.444455732956328
6.17 19.38556522917194 0 0.005069521594347415 -29.444455732956328
6.18 19.416984297614682 0 0.005544235740651302 -29.444455732956328
6.19 19.448403366057423 0 0.006011123144647476 -29.444455732956328
6.2 19.479822434500168 0 0.006468657716151804 -29.444455732956328
6.21 19.51124150294291 0 0.006915327105829076 -29.444455732956328
6.22 19.542660571385653 0 0.007349640908910769 -29.444455732956328
6.23 19.574079639828394 0 0.007770138762776577 -29.444455732956328
6.24 19.605498708271135 0 0.008175398289720203 -29.444455732956328
6.25 19.63691777671388 0 0.008564042837352796 -29.444455732956328
6.26 19.66833684515662 0 0.008934748970554523 -29.444455732956328
6.2700000000000005 19.69975591359936 0 0.00928625367055475 -29.444455732956328
6.28 19.731174982042106 0 0.00961736119875868 -29.444455732956328
6.29 19.762594050484847 0 0.009926949585072653 -29.444455732956328
6.3 19.79401311892759 0 0.010213976703001254 -29.444455732956328
6.3100000000000005 19.825432187370332 0 0.01047748589642217 -29.444455732956328
6.32 19.856851255813073 0 0.010716611125812346 -29.444455732956328
6.33 19.888270324255817 0 0.010930581604771915 -29.444455732956328
6.34 19.919689392698558 0 0.011118725900851499 -29.444455732956328
6.3500000000000005 19.9511084611413 0 0.011280475478104028 -29.444455732956328
6.36 19.982527529584043 0 0.01141536766218187 -29.444455732956328
6.37 20.013946598026784 0 0.011523048012419023 -29.444455732956328
6.38 20.04536566646953 0 0.011603272088940561 -29.444455732956328
6.390000000000001 20.07678473491227 0 0.011655906606573877 -29.444455732956328
6.4 20.10820380335501 0 0.011680929971004249 -29.444455732956328
6.41 20.139622871797755 0 0.011678432196421193 -29.444455732956328
6.42 20.171041940240496 0 0.011648614207539291 -29.444455732956328
6.43 20.202461008683237 0 0.011591786532616569 -29.444455732956328
6.44 20.23388007712598 0 0.011508367397668565 -29.444455732956328
6.45 20.265299145568722 0 0.011398880235640663 -29.444455732956328
6.46 20.296718214011463 0 0.01126395062770514 -29.444455732956328
6.47 20.328137282454207 0 0.011104302697184685 -29.444455732956328
6.48 20.35955635089695 0 0.010920754979751295 -29.444455732956328
6.49 20.390975419339693 0 0.010714215796559949 -29.444455732956328
6.5 20.422394487782434 0 0.010485678159818169 -29.444455732956328
6.51 20.453813556225175 0 0.010236214242892531 -29.444455732956328
6.5200000000000005 20.48523262466792 0 0.009966969449524502 -29.444455732956328
6.53 20.51665169311066 0 0.009679156118873952 -29.444455732956328
6.54 20.5480707615534 0 0.009374046905129874 -29.444455732956328
6.55 20.579489829996145 0 0.009052967872104368 -29.444455732956328
6.5600000000000005 20.610908898438886 0 0.008717291344724343 -29.444455732956328
6.57 20.64232796688163 0 0.008368428560524955 -29.444455732956328
6.58 20.67374703532437 0 0.008007822165188277 -29.444455732956328
6.59 20.705166103767112 0 0.007636938596845406 -29.444455732956328
6.6000000000000005 20.736585172209857 0 0.0072572604042353515 -29.444455732956328
6.61 20.768004240652598 0 0.006870278543966894 -29.444455732956328
6.62 20.79942330909534 0 0.006477484701917647 -29.444455732956328
6.63 20.830842377538083 0 0.006080363683432961 -29.444455732956328
6.640000000000001 20.862261445980824 0 0.005680385916264821 -29.444455732956328
6.65 20.893680514423565 0 0.005279000109232299 -29.444455732956328
6.66 20.92509958286631 0 0.004877626108381825 -29.444455732956328
6.67 20.95651865130905 0 0.004477647990981192 -29.444455732956328
6.68 20.987937719751795 0 0.004080407435963143 -29.444455732956328
6.69 21.019356788194536 0 0.00368719740755821 -29.444455732956328
6.7 21.050775856637276 0 0.003299256186692425 -29.444455732956328
6.71 21.08219492508002 0 0.0029177617824429508 -29.444455732956328
6.72 21.113613993522762 0 0.0025438267533204016 -29.444455732956328
6.73 21.145033061965503 0 0.002178493465494266 -29.444455732956328
6.74 21.176452130408247 0 0.0018227298122447373 -29.444455732956328
6.75 21.207871198850988 0 0.0014774254160221647 -29.444455732956328
6.76 21.239290267293732 0 0.001143388331402794 -29.444455732956328
6.7700000000000005 21.270709335736473 0 0.0008213422640950301 -29.444455732956328
6.78 21.302128404179214 0 0.0005119243179551126 -29.444455732956328
6.79 21.33354747262196 0 0.00021568327867158658 -29.444455732956328
6.8 21.3649665410647 0 -6.69215604905729e-05 -29.444455732956328
6.8100000000000005 21.39638560950744 0 -0.00033552102885037096 -29.444455732956328
6.82 21.427804677950185 0 -0.0005898361655839733 -29.444455732956328
6.83 21.459223746392926 0 -0.0008296777686531251 -29.444455732956328
6.84 21.490642814835667 0 -0.0010549454131232212 -29.444455732956328
6.8500000000000005 21.52206188327841 0 -0.0012656259497608757 -29.444455732956328
6.86 21.553480951721152 0 -0.0014617914978959938 -29.444455732956328
6.87 21.584900020163897 0 -0.001643596949493765 -29.444455732956328
6.88 21.616319088606637 0 -0.0018112770042066782 -29.444455732956328
6.890000000000001 21.64773815704938 0 -0.001965142757903981 -29.444455732956328
6.9 21.679157225492123 0 -0.0021055778697341237 -29.444455732956328
6.91 21.710576293934864 0 -0.0022330343351315844 -29.444455732956328
6.92 21.741995362377605 0 -0.002348027894413543 -29.444455732956328
6.93 21.77341443082035 0 -0.002451133108582647 -29.444455732956328
6.94 21.80483349926309 0 -0.002542978135791463 -29.444455732956328
6.95 21.836252567705834 0 -0.002624239243473946 -29.444455732956328
6.96 21.867671636148575 0 -0.0026956350925301654 -29.444455732956328
6.97 21.899090704591316 0 -0.002757920831074655 -29.444455732956328
6.98 21.93050977303406 0 -0.0028118820361605654 -29.444455732956328
6.99 21.9619288414768 0 -0.002858328542518398 -29.444455732956328
7.0 21.993347909919542 0 -0.0028980881978007854 -29.444455732956328
7.01 22.024766978362287 0 -0.0029320005839499476 -29.444455732956328
7.0200000000000005 22.056186046805028 0 -0.0029609107442562757 -29.444455732956328
7.03 22.087605115247772 0 -0.0029856629553345103 -29.444455732956328
7.04 22.119024183690513 0 -0.0030070945827121495 -29.444455732956328
7.05 22.150443252133254 0 -0.0030260300579063506 -29.444455732956328
7.0600000000000005 22.181862320576 0 -0.003043275013868205 -29.444455732956328
7.07 22.21328138901874 0 -0.0030596106144250754 -29.444455732956328
7.08 22.24470045746148 0 -0.00307578811191308 -29.444455732956328
7.09 22.276119525904225 0 -0.0030925236655157695 -29.444455732956328
7.1000000000000005 22.307538594346966 0 -0.003110493451036488 -29.444455732956328
7.11 22.338957662789706 0 -0.0031303290907487044 -29.444455732956328
7.12 22.37037673123245 0 -0.003152613429855486 -29.444455732956328
7.13 22.40179579967519 0 -0.0031778766837085117 -29.444455732956328
7.140000000000001 22.433214868117936 0 -0.003206592977499178 -29.444455732956328
7.15 22.464633936560677 0 -0.003239177297554833 -29.444455732956328
7.16 22.496053005003418 0 -0.003275982870662756 -29.444455732956328
7.17 22.527472073446162 0 -0.003317298985096763 -29.444455732956328
7.18 22.558891141888903 0 -0.003363349264201195 -29.444455732956328
7.19 22.590310210331644 0 -0.0034142904004307636 -29.444455732956328
7.2 22.62172927877439 0 -0.003470211354930079 -29.444455732956328
7.21 22.65314834721713 0 -0.003531133024681319 -29.444455732956328
7.22 22.684567415659874 0 -0.003597008376449358 -29.444455732956328
7.23 22.715986484102615 0 -0.0036677230437368786 -29.444455732956328
7.24 22.747405552545356 0 -0.003743096380148471 -29.444455732956328
7.25 22.7788246209881 0 -0.0038228829597644672 -29.444455732956328
7.26 22.81024368943084 0 -0.003906774512341358 -29.444455732956328
7.2700000000000005 22.841662757873582 0 -0.0039944022785597146 -29.444455732956328
7.28 22.873081826316326 0 -0.004085339767965457 -29.444455732956328
7.29 22.904500894759067 0 -0.004179105899856746 -29.444455732956328
7.3 22.93591996320181 0 -0.004275168505065831 -29.444455732956328
7.3100000000000005 22.967339031644553 0 -0.004372948164469417 -29.444455732956328
7.32 22.998758100087294 0 -0.00447182235805894 -29.444455732956328
7.33 23.030177168530038 0 -0.004571129896644847 -29.444455732956328
7.34 23.06159623697278 0 -0.0046701756066018785 -29.444455732956328
7.3500000000000005 23.09301530541552 0 -0.0047682352366548615 -29.444455732956328
7.36 23.124434373858264 0 -0.004864560554488749 -29.444455732956328
7.37 23.155853442301005 0 -0.004958384599908482 -29.444455732956328
7.38 23.187272510743746 0 -0.005048927060490627 -29.444455732956328
7.390000000000001 23.21869157918649 0 -0.005135399735044679 -29.444455732956328
7.4 23.25011064762923 0 -0.005217012049841324 -29.444455732956328
7.41 23.281529716071976 0 -0.005292976592372282 -29.444455732956328
7.42 23.312948784514717 0 -0.005362514627490974 -29.444455732956328
7.43 23.344367852957458 0 -0.005424861561026108 -29.444455732956328
7.44 23.375786921400202 0 -0.00547927231643675 -29.444455732956328
7.45 23.407205989842943 0 -0.005525026590831598 -29.444455732956328
7.46 23.438625058285684 0 -0.00556143395746517 -29.444455732956328
7.47 23.47004412672843 0 -0.005587838783030745 -29.444455732956328
7.48 23.50146319517117 0 -0.005603624929261304 -29.444455732956328
7.49 23.53288226361391 0 -0.005608220209892751 -29.444455732956328
7.5 23.564301332056655 0 -0.005601100575603001 -29.444455732956328
7.51 23.595720400499395 0 -0.00558179400141711 -29.444455732956328
7.5200000000000005 23.62713946894214 0 -0.005549884052952449 -29.444455732956328
7.53 23.65855853738488 0 -0.005505013109980916 -29.444455732956328
7.54 23.68997760582762 0 -0.0054468852280103825 -29.444455732956328
7.55 23.721396674270366 0 -0.005375268620856848 -29.444455732956328
7.5600000000000005 23.752815742713107 0 -0.005289997749628597 -29.444455732956328
7.57 23.784234811155848 0 -0.005190975005992933 -29.444455732956328
7.58 23.815653879598592 0 -0.00507817198016961 -29.444455732956328
7.59 23.847072948041333 0 -0.004951630306672806 -29.444455732956328
7.6000000000000005 23.878492016484078 0 -0.0048114620834543275 -29.444455732956328
7.61 23.90991108492682 0 -0.004657849862741703 -29.444455732956328
7.62 23.94133015336956 0 -0.00449104621450196 -29.444455732956328
7.63 23.972749221812304 0 -0.00431137286608042 -29.444455732956328
7.640000000000001 24.004168290255045 0 -0.004119219424153595 -29.444455732956328
7.65 24.035587358697786 0 -0.003915041687666534 -29.444455732956328
7.66 24.06700642714053 0 -0.0036993595629030377 -29.444455732956328
7.67 24.09842549558327 0 -0.0034727545942412944 -29.444455732956328
7.68 24.129844564026016 0 -0.0032358671264146317 -29.444455732956328
7.69 24.161263632468756 0 -0.0029893931163153882 -29.444455732956328
7.7 24.192682700911497 0 -0.002734080614462544 -29.444455732956328
7.71 24.22410176935424 0 -0.002470725938149117 -29.444455732956328
7.72 24.255520837796983 0 -0.002200169560138223 -29.444455732956328
7.73 24.286939906239724 0 -0.0019232917383633047 -29.444455732956328
7.74 24.318358974682468 0 -0.0016410079136153135 -29.444455732956328
7.75 24.34977804312521 0 -0.001354263903474463 -29.444455732956328
7.76 24.38119711156795 0 -0.0010640309218921964 -29.444455732956328
7.7700000000000005 24.412616180010694 0 -0.0007713004547681836 -29.444455732956328
7.78 24.444035248453435 0 -0.00047707902261425757 -29.444455732956328
7.79 24.47545431689618 0 -0.00018238286198555214 -29.444455732956328
7.8 24.50687338533892 0 0.00011176744231029618 -29.444455732956328
7.8100000000000005 24.53829245378166 0 0.0004043523420093328 -29.444455732956328
7.82 24.569711522224406 0 0.0006943586950340848 -29.444455732956328
7.83 24.601130590667147 0 0.0009807850880164443 -29.444455732956328
7.84 24.632549659109888 0 0.0012626470801854767 -29.444455732956328
7.8500000000000005 24.663968727552632 0 0.0015389823376728983 -29.444455732956328
7.86 24.695387795995373 0 0.0018088556281190184 -29.444455732956328
7.87 24.726806864438117 0 0.0020713636464010417 -29.444455732956328
7.88 24.75822593288086 0 0.0023256396434775286 -29.444455732956328
7.890000000000001 24.7896450013236 0 0.0025708578316294604 -29.444455732956328
7.9 24.821064069766344 0 0.002806237540872415 -29.444455732956328
7.91 24.852483138209085 0 0.003031047102886202 -29.444455732956328
7.92 24.883902206651825 0 0.003244607440614082 -29.444455732956328
7.930000000000001 24.91532127509457 0 0.003446295343500386 -29.444455732956328
7.94 24.94674034353731 0 0.0036355464103672926 -29.444455732956328
7.95 24.97815941198005 0 0.0038118576439912987 -29.444455732956328
7.96 25.009578480422796 0 0.003974789683627206 -29.444455732956328
7.97 25.040997548865537 0 0.0041239686639756076 -29.444455732956328
7.98 25.07241661730828 0 0.004259087691382415 -29.444455732956328
7.99 25.103835685751022 0 0.0043799079304380545 -29.444455732956328
8.0 25.135254754193763 0 0.004486259296490781 -29.444455732956328
8.01 25.166673822636508 0 0.004578040752025613 -29.444455732956328
8.02 25.19809289107925 0 0.004655220207211533 -29.444455732956328
8.03 25.22951195952199 0 0.004717834027369443 -29.444455732956328
8.040000000000001 25.260931027964734 0 0.00476598615239356 -29.444455732956328
8.05 25.292350096407475 0 0.0047998468355477724 -29.444455732956328
8.06 25.32376916485022 0 0.004819651011255098 -29.444455732956328
8.07 25.35518823329296 0 0.0048256963037292015 -29.444455732956328
8.08 25.3866073017357 0 0.004818340690398018 -29.444455732956328
8.09 25.418026370178445 0 0.004797999836040751 -29.444455732956328
8.1 25.449445438621186 0 0.004765144115525968 -29.444455732956328
8.11 25.480864507063927 0 0.004720295344769455 -29.444455732956328
8.120000000000001 25.51228357550667 0 0.0046640232412284025 -29.444455732956328
8.13 25.543702643949413 0 0.004596941636732733 -29.444455732956328
8.14 25.575121712392153 0 0.004519704466861153 -29.444455732956328
8.15 25.606540780834898 0 0.004433001562263922 -29.444455732956328
8.16 25.63795984927764 0 0.004337554268406858 -29.444455732956328
8.17 25.669378917720383 0 0.0042341109210909025 -29.444455732956328
8.18 25.700797986163124 0 0.0041234422058446995 -29.444455732956328
8.19 25.732217054605865 0 0.004006336429801521 -29.444455732956328
8.2 25.76363612304861 0 0.0038835947350744455 -29.444455732956328
8.21 25.79505519149135 0 0.003756026282802756 -29.444455732956328
8.22 25.82647425993409 0 0.003624443437094954 -29.444455732956328
8.23 25.857893328376836 0 0.003489656977878667 -29.444455732956328
8.24 25.889312396819577 0 0.0033524713713671108 -29.444455732956328
8.25 25.92073146526232 0 0.003213680126307747 -29.444455732956328
8.26 25.952150533705062 0 0.003074061263537883 -29.444455732956328
8.27 25.983569602147803 0 0.0029343729254448793 -29.444455732956328
8.28 26.014988670590547 0 0.002795349151016121 -29.444455732956328
8.290000000000001 26.046407739033288 0 0.0026576958409381475 -29.444455732956328
8.3 26.07782680747603 0 0.002522086935929866 -29.444455732956328
8.31 26.109245875918774 0 0.0023891608300622823 -29.444455732956328
8.32 26.140664944361514 0 0.002259517039242465 -29.444455732956328
8.33 26.172084012804255 0 0.0021337131433711476 -29.444455732956328
8.34 26.203503081247 0 0.002012262018911896 -29.444455732956328
8.35 26.23492214968974 0 0.0018956293767119188 -29.444455732956328
8.36 26.266341218132485 0 0.0017842316179872142 -29.444455732956328
8.370000000000001 26.297760286575226 0 0.0016784340193454713 -29.444455732956328
8.38 26.329179355017967 0 0.001578549255641487 -29.444455732956328
8.39 26.36059842346071 0 0.0014848362673410714 -29.444455732956328
8.4 26.392017491903452 0 0.0013974994769302466 -29.444455732956328
8.41 26.423436560346193 0 0.0013166883566991217 -29.444455732956328
8.42 26.454855628788938 0 0.0012424973481121007 -29.444455732956328
8.43 26.48627469723168 0 0.001174966130762568 -29.444455732956328
8.44 26.517693765674423 0 0.0011140802368093542 -29.444455732956328
8.45 26.549112834117164 0 0.001059772004668272 -29.444455732956328
8.46 26.580531902559905 0 0.0010119218636905133 -29.444455732956328
8.47 26.61195097100265 0 0.0009703599395563263 -29.444455732956328
8.48 26.64337003944539 0 0.000934867968215081 -29.444455732956328
8.49 26.67478910788813 0 0.0009051815043249282 -29.444455732956328
8.5 26.706208176330875 0 0.0008809924084752295 -29.444455732956328
8.51 26.737627244773616 0 0.0008619515957610024 -29.444455732956328
8.52 26.76904631321636 0 0.0008476720268266401 -29.444455732956328
8.53 26.8004653816591 0 0.0008377319210644639 -29.444455732956328
8.540000000000001 26.831884450101843 0 0.0008316781704030677 -29.444455732956328
8.55 26.863303518544587 0 0.0008290299309935954 -29.444455732956328
8.56 26.894722586987328 0 0.0008292823691275645 -29.444455732956328
8.57 26.92614165543007 0 0.0008319105368806101 -29.444455732956328
8.58 26.957560723872813 0 0.0008363733523167402 -29.444455732956328
8.59 26.988979792315554 0 0.0008421176585600418 -29.444455732956328
8.6 27.020398860758295 0 0.0008485823356919288 -29.444455732956328
8.61 27.05181792920104 0 0.0008552024392336487 -29.444455732956328
8.620000000000001 27.08323699764378 0 0.0008614133389513336 -29.444455732956328
8.63 27.114656066086525 0 0.0008666548318415807 -29.444455732956328
8.64 27.146075134529266 0 0.000870375203450231 -29.444455732956328
8.65 27.177494202972007 0 0.000872035212131301 -29.444455732956328
8.66 27.20891327141475 0 0.0008711119714506205 -29.444455732956328
8.67 27.240332339857492 0 0.0008671027066885162 -29.444455732956328
8.68 27.271751408300233 0 0.0008595283622986737 -29.444455732956328
8.69 27.303170476742977 0 0.0008479370382193938 -29.444455732956328
8.700000000000001 27.334589545185718 0 0.0008319072340859408 -29.444455732956328
8.71 27.366008613628463 0 0.0008110508817034882 -29.444455732956328
8.72 27.397427682071203 0 0.0007850161475255125 -29.444455732956328
8.73 27.428846750513944 0 0.0007534899884078674 -29.444455732956328
8.74 27.46026581895669 0 0.0007162004455139486 -29.444455732956328
8.75 27.49168488739943 0 0.0006729186629359118 -29.444455732956328
8.76 27.52310395584217 0 0.0006234606193663059 -29.444455732956328
8.77 27.554523024284915 0 0.0005676885629945478 -29.444455732956328
8.78 27.585942092727656 0 0.0005055121416766465 -29.444455732956328
8.790000000000001 27.617361161170397 0 0.0004368892223614084 -29.444455732956328
8.8 27.64878022961314 0 0.0003618263957033853 -29.444455732956328
8.81 27.680199298055882 0 0.0002803791637729664 -29.444455732956328
8.82 27.711618366498627 0 0.00019265181074611893 -29.444455732956328
8.83 27.743037434941368 0 9.879695838652659e-05 -29.444455732956328
8.84 27.77445650338411 0 -9.851898105181735e-07 -29.444455732956328
8.85 27.805875571826853 0 -0.00010644791019383653 -29.444455732956328
8.86 27.837294640269594 0 -0.00021729931859768164 -29.444455732956328
8.870000000000001 27.868713708712335 0 -0.0003332040186897936 -29.444455732956328
8.88 27.90013277715508 0 -0.0004537850278473354 -29.444455732956328
8.89 27.93155184559782 0 -0.0005786259677638813 -29.444455732956328
8.9 27.962970914040564 0 -0.000707273505331364 -29.444455732956328
8.91 27.994389982483305 0 -0.0008392400279147457 -29.444455732956328
8.92 28.025809050926046 0 -0.0009740065357016232 -29.444455732956328
8.93 28.05722811936879 0 -0.0011110257325465736 -29.444455732956328
8.94 28.08864718781153 0 -0.001249725295570353 -29.444455732956328
8.950000000000001 28.120066256254272 0 -0.0013895113027355532 -29.444455732956328
8.96 28.151485324697017 0 -0.0015297717967335778 -29.444455732956328
8.97 28.182904393139758 0 -0.0016698804627318232 -29.444455732956328
8.98 28.2143234615825 0 -0.0018092003969293418 -29.444455732956328
8.99 28.245742530025243 0 -0.0019470879423756796 -29.444455732956328
9.0 28.277161598467984 0 -0.002082896568179163 -29.444455732956328
9.01 28.30858066691073 0 -0.0022159807680535485 -29.444455732956328
9.02 28.33999973535347 0 -0.002345699954106262 -29.444455732956328
9.03 28.37141880379621 0 -0.0024714223218861176 -29.444455732956328
9.040000000000001 28.402837872238955 0 -0.0025925286629751576 -29.444455732956328
9.05 28.434256940681696 0 -0.002708416101808979 -29.444455732956328
9.06 28.465676009124437 0 -0.002818501733941041 -29.444455732956328
9.07 28.49709507756718 0 -0.0029222261436803866 -29.444455732956328
9.08 28.528514146009922 0 -0.003019056779811619 -29.444455732956328
9.09 28.559933214452666 0 -0.003108491169083727 -29.444455732956328
9.1 28.591352282895407 0 -0.0031900599481889474 -29.444455732956328
9.11 28.622771351338148 0 -0.0032633296961416666 -29.444455732956328
9.120000000000001 28.654190419780893 0 -0.0033279055502699675 -29.444455732956328
9.13 28.685609488223633 0 -0.0033834335903741323 -29.444455732956328
9.14 28.717028556666374 0 -0.003429602977118597 -29.444455732956328
9.15 28.74844762510912 0 -0.003466147832246824 -29.444455732956328
9.16 28.77986669355186 0 -0.0034928488498466134 -29.444455732956328
9.17 28.811285761994604 0 -0.003509534629556944 -29.444455732956328
9.18 28.842704830437345 0 -0.003516082724359829 -29.444455732956328
9.19 28.874123898880086 0 -0.0035124203973422377 -29.444455732956328
9.200000000000001 28.90554296732283 0 -0.0034985250836286905 -29.444455732956328
9.21 28.93696203576557 0 -0.003474424555493366 -29.444455732956328
9.22 28.968381104208312 0 -0.003440196790462737 -29.444455732956328
9.23 28.999800172651057 0 -0.0033959695440543658 -29.444455732956328
9.24 29.031219241093797 0 -0.0033419196305695753 -29.444455732956328
9.25 29.06263830953654 0 -0.0032782719171354025 -29.444455732956328
9.26 29.094057377979283 0 -0.0032052980379198635 -29.444455732956328
9.27 29.125476446422024 0 -0.0031233148371086926 -29.444455732956328
9.28 29.156895514864768 0 -0.003032682550872741 -29.444455732956328
9.290000000000001 29.18831458330751 0 -0.002933802740078538 -29.444455732956328
9.3 29.21973365175025 0 -0.0028271159869955134 -29.444455732956328
9.31 29.251152720192994 0 -0.0027130993706237115 -29.444455732956328
9.32 29.282571788635735 0 -0.0025922637365360735 -29.444455732956328
9.33 29.313990857078476 0 -0.0024651507783735533 -29.444455732956328
9.34 29.34540992552122 0 -0.0023323299491495226 -29.444455732956328
9.35 29.37682899396396 0 -0.002194395221524494 -29.444455732956328
9.36 29.408248062406706 0 -0.0020519617170416536 -29.444455732956328
9.370000000000001 29.439667130849447 0 -0.0019056622250193426 -29.444455732956328
9.38 29.471086199292188 0 -0.0017561436324245617 -29.444455732956328
9.39 29.502505267734932 0 -0.001604063286450186 -29.444455732956328
9.4 29.533924336177673 0 -0.001450085311903133 -29.444455732956328
9.41 29.565343404620414 0 -0.001294876905631841 -29.444455732956328
9.42 29.59676247306316 0 -0.0011391046303445157 -29.444455732956328
9.43 29.6281815415059 0 -0.000983430730002923 -29.444455732956328
9.44 29.65960060994864 0 -0.0008285094888253537 -29.444455732956328
9.450000000000001 29.691019678391385 0 -0.0006749836555205219 -29.444455732956328
9.46 29.722438746834126 0 -0.000523480953933543 -29.444455732956328
9.47 29.75385781527687 0 -0.0003746107006422442 -29.444455732956328
9.48 29.78527688371961 0 -0.00022896054930513304 -29.444455732956328
9.49 29.816695952162352 0 -8.709338074254146e-05 -29.444455732956328
9.5 29.848115020605096 0 5.0455643280942874e-05 -29.444455732956328
9.51 29.879534089047837 0 0.00018318184563939508 -29.444455732956328
9.52 29.910953157490578 0 0.0003106136030480756 -29.444455732956328
9.53 29.942372225933322 0 0.00043231470439857977 -29.444455732956328
9.540000000000001 29.973791294376063 0 0.0005478864850814813 -29.444455732956328
9.55 30.005210362818808 0 0.0006569697255719864 -29.444455732956328
9.56 30.03662943126155 0 0.0007592463040443468 -29.444455732956328
9.57 30.06804849970429 0 0.0008544405943105895 -29.444455732956328
9.58 30.099467568147034 0 0.0009423206019735319 -29.444455732956328
9.59 30.130886636589775 0 0.0010226988333173872 -29.444455732956328
9.6 30.162305705032516 0 0.0010954328930861176 -29.444455732956328
9.61 30.19372477347526 0 0.0011604258089877892 -29.444455732956328
9.620000000000001 30.225143841918 0 0.001217626082440373 -29.444455732956328
9.63 30.256562910360742 0 0.0012670274667102028 -29.444455732956328
9.64 30.287981978803487 0 0.0013086684753014612 -29.444455732956328
9.65 30.319401047246227 0 0.0013426316250197345 -29.444455732956328
9.66 30.350820115688972 0 0.00136904241980967 -29.444455732956328
9.67 30.382239184131713 0 0.0013880680829402305 -29.444455732956328
9.68 30.413658252574454 0 0.001399916046655464 -29.444455732956328
9.69 30.445077321017198 0 0.0014048322098432523 -29.444455732956328
9.700000000000001 30.47649638945994 0 0.0014030989756263568 -29.444455732956328
9.71 30.50791545790268 0 0.00139503308207075 -29.444455732956328
9.72 30.539334526345424 0 0.001380983240422164 -29.444455732956328
9.73 30.570753594788165 0 0.0013613275963691802 -29.444455732956328
9.74 30.60217266323091 0 0.0013364710308529008 -29.444455732956328
9.75 30.63359173167365 0 0.0013068423178487815 -29.444455732956328
9.76 30.66501080011639 0 0.0012728911573201033 -29.444455732956328
9.77 30.696429868559136 0 0.001235085102244586 -29.444455732956328
9.78 30.727848937001877 0 0.0011939063991602977 -29.444455732956328
9.790000000000001 30.759268005444618 0 0.0011498487621118265 -29.444455732956328
9.8 30.790687073887362 0 0.001103414100203294 -29.444455732956328
9.81 30.822106142330103 0 0.0010551092191463985 -29.444455732956328
9.82 30.853525210772844 0 0.0010054425172465638 -29.444455732956328
9.83 30.88494427921559 0 0.0009549206962359396 -29.444455732956328
9.84 30.91636334765833 0 0.000904045507129854 -29.444455732956328
9.85 30.947782416101074 0 0.000853310551023885 -29.444455732956328
9.86 30.979201484543815 0 0.0008031981542725461 -29.444455732956328
9.870000000000001 31.010620552986556 0 0.0007541763369722745 -29.444455732956328
9.88 31.0420396214293 0 0.0007066958930001578 -29.444455732956328
9.89 31.07345868987204 0 0.0006611875990781099 -29.444455732956328
9.9 31.10487775831478 0 0.0006180595694773527 -29.444455732956328
9.91 31.136296826757526 0 0.000577694771988573 -29.444455732956328
9.92 31.167715895200267 0 0.0005404487197211413 -29.444455732956328
9.93 31.19913496364301 0 0.0005066473521542327 -29.444455732956328
9.94 31.230554032085752 0 0.000476585117618052 -29.444455732956328
9.950000000000001 31.261973100528493 0 0.0004505232681092038 -29.444455732956328
9.96 31.293392168971238 0 0.00042868837595622474 -29.444455732956328
9.97 31.32481123741398 0 0.0004112710804747802 -29.444455732956328
9.98 31.35623030585672 0 0.00039842507125605227 -29.444455732956328
9.99 31.387649374299464 0 0.00039026631329236477 -29.444455732956328
